crossing time (s)	slope (V/s)	crossing number
281474976710655.000000	34.473263	33220	0.000000
281474976710655.000000	31.786598	33221	0.000000
281474976710655.000000	32.246117	33222	0.000000
281474976710655.000000	30.778852	33223	0.000000
281474976710655.000000	33.113708	33224	0.000000
281474976710655.000000	34.871117	33225	0.000000
281474976710655.000000	34.985474	33226	0.000000
281474976710655.000000	32.549625	33227	0.000000
281474976710655.000000	26.752949	33228	0.000000
281474976710655.000000	37.934921	33229	0.000000
281474976710655.000000	38.309742	33230	0.000000
281474976710655.000000	35.873981	33231	0.000000
281474976710655.000000	30.748327	33232	0.000000
281474976710655.000000	34.441330	33233	0.000000
281474976710655.000000	36.176849	33234	0.000000
281474976710655.000000	27.946726	33235	0.000000
281474976710655.000000	34.388641	33236	0.000000
281474976710655.000000	34.196415	33237	0.000000
281474976710655.000000	26.787064	33238	0.000000
281474976710655.000000	31.505079	33239	0.000000
281474976710655.000000	26.166138	33240	0.000000
281474976710655.000000	32.367462	33241	0.000000
281474976710655.000000	30.276882	33242	0.000000
281474976710655.000000	35.617344	33243	0.000000
281474976710655.000000	33.636932	33244	0.000000
281474976710655.000000	29.684252	33245	0.000000
281474976710655.000000	31.280724	33246	0.000000
281474976710655.000000	30.584183	33247	0.000000
281474976710655.000000	33.139278	33248	0.000000
281474976710655.000000	32.171577	33249	0.000000
281474976710655.000000	32.034355	33250	0.000000
281474976710655.000000	32.481205	33251	0.000000
281474976710655.000000	34.788734	33252	0.000000
281474976710655.000000	33.691177	33253	0.000000
281474976710655.000000	33.073521	33254	0.000000
281474976710655.000000	31.292730	33255	0.000000
281474976710655.000000	32.305965	33256	0.000000
281474976710655.000000	31.542980	33257	0.000000
281474976710655.000000	29.716154	33258	0.000000
281474976710655.000000	28.736078	33259	0.000000
281474976710655.000000	29.642725	33260	0.000000
281474976710655.000000	31.675737	33261	0.000000
281474976710655.000000	34.611111	33262	0.000000
281474976710655.000000	32.464195	33263	0.000000
281474976710655.000000	30.764791	33264	0.000000
281474976710655.000000	26.880733	33265	0.000000
281474976710655.000000	32.482635	33266	0.000000
281474976710655.000000	31.937668	33267	0.000000
281474976710655.000000	32.408382	33268	0.000000
281474976710655.000000	33.087440	33269	0.000000
281474976710655.000000	30.701777	33270	0.000000
281474976710655.000000	30.755836	33271	0.000000
281474976710655.000000	31.171318	33272	0.000000
281474976710655.000000	34.690563	33273	0.000000
281474976710655.000000	27.112574	33274	0.000000
281474976710655.000000	31.091217	33275	0.000000
281474976710655.000000	31.556709	33276	0.000000
281474976710655.000000	30.785389	33277	0.000000
281474976710655.000000	34.019981	33278	0.000000
281474976710655.000000	30.488493	33279	0.000000
281474976710655.000000	26.619951	33280	0.000000
281474976710655.000000	31.769150	33281	0.000000
281474976710655.000000	30.980736	33282	0.000000
281474976710655.000000	32.624794	33283	0.000000
281474976710655.000000	29.098305	33284	0.000000
281474976710655.000000	30.651869	33285	0.000000
281474976710655.000000	31.755875	33286	0.000000
281474976710655.000000	31.324934	33287	0.000000
281474976710655.000000	26.160551	33288	0.000000
281474976710655.000000	29.188526	33289	0.000000
281474976710655.000000	30.552134	33290	0.000000
281474976710655.000000	31.225140	33291	0.000000
281474976710655.000000	30.950142	33292	0.000000
281474976710655.000000	30.785658	33293	0.000000
281474976710655.000000	31.468323	33294	0.000000
281474976710655.000000	24.578979	33295	0.000000
281474976710655.000000	29.935804	33296	0.000000
281474976710655.000000	29.361557	33297	0.000000
281474976710655.000000	25.992968	33298	0.000000
281474976710655.000000	30.972178	33299	0.000000
281474976710655.000000	24.977232	33300	0.000000
281474976710655.000000	30.160894	33301	0.000000
281474976710655.000000	28.173407	33302	0.000000
281474976710655.000000	24.575136	33303	0.000000
281474976710655.000000	31.004864	33304	0.000000
281474976710655.000000	25.166391	33305	0.000000
281474976710655.000000	31.877394	33306	0.000000
281474976710655.000000	25.799376	33307	0.000000
281474976710655.000000	32.493958	33308	0.000000
281474976710655.000000	29.138027	33309	0.000000
281474976710655.000000	30.593218	33310	0.000000
281474976710655.000000	28.566904	33311	0.000000
281474976710655.000000	29.766924	33312	0.000000
281474976710655.000000	28.156557	33313	0.000000
281474976710655.000000	35.890800	33314	0.000000
281474976710655.000000	31.565187	33315	0.000000
281474976710655.000000	25.104361	33316	0.000000
281474976710655.000000	29.024372	33317	0.000000
281474976710655.000000	29.676533	33318	0.000000
281474976710655.000000	31.178450	33319	0.000000
281474976710655.000000	28.432793	33320	0.000000
281474976710655.000000	27.937428	33321	0.000000
281474976710655.000000	30.087738	33322	0.000000
281474976710655.000000	29.080009	33323	0.000000
281474976710655.000000	24.943462	33324	0.000000
281474976710655.000000	29.582621	33325	0.000000
281474976710655.000000	26.454967	33326	0.000000
281474976710655.000000	29.927221	33327	0.000000
281474976710655.000000	30.545841	33328	0.000000
281474976710655.000000	28.643511	33329	0.000000
281474976710655.000000	27.121456	33330	0.000000
281474976710655.000000	24.259548	33331	0.000000
281474976710655.000000	30.294716	33332	0.000000
281474976710655.000000	26.050947	33333	0.000000
281474976710655.000000	28.508186	33334	0.000000
281474976710655.000000	30.094288	33335	0.000000
281474976710655.000000	28.779440	33336	0.000000
281474976710655.000000	26.374434	33337	0.000000
281474976710655.000000	30.960245	33338	0.000000
281474976710655.000000	25.922112	33339	0.000000
281474976710655.000000	30.577322	33340	0.000000
281474976710655.000000	23.931728	33341	0.000000
281474976710655.000000	28.473803	33342	0.000000
281474976710655.000000	30.562017	33343	0.000000
281474976710655.000000	30.142576	33344	0.000000
281474976710655.000000	25.792622	33345	0.000000
281474976710655.000000	31.534920	33346	0.000000
281474976710655.000000	28.369938	33347	0.000000
281474976710655.000000	31.024311	33348	0.000000
281474976710655.000000	27.409735	33349	0.000000
281474976710655.000000	26.787554	33350	0.000000
281474976710655.000000	27.285381	33351	0.000000
281474976710655.000000	26.637852	33352	0.000000
281474976710655.000000	27.341951	33353	0.000000
281474976710655.000000	27.542662	33354	0.000000
281474976710655.000000	27.382158	33355	0.000000
281474976710655.000000	30.696718	33356	0.000000
281474976710655.000000	26.647337	33357	0.000000
281474976710655.000000	26.643677	33358	0.000000
281474976710655.000000	29.086531	33359	0.000000
281474976710655.000000	27.324537	33360	0.000000
281474976710655.000000	29.337799	33361	0.000000
281474976710655.000000	28.737162	33362	0.000000
281474976710655.000000	23.127104	33363	0.000000
281474976710655.000000	28.420523	33364	0.000000
281474976710655.000000	26.336123	33365	0.000000
281474976710655.000000	28.828184	33366	0.000000
281474976710655.000000	30.901976	33367	0.000000
281474976710655.000000	29.819674	33368	0.000000
281474976710655.000000	25.016470	33369	0.000000
281474976710655.000000	25.364233	33370	0.000000
281474976710655.000000	25.724188	33371	0.000000
281474976710655.000000	29.078074	33372	0.000000
281474976710655.000000	25.280657	33373	0.000000
281474976710655.000000	28.271397	33374	0.000000
281474976710655.000000	28.080603	33375	0.000000
281474976710655.000000	24.937798	33376	0.000000
281474976710655.000000	27.697279	33377	0.000000
281474976710655.000000	28.638514	33378	0.000000
281474976710655.000000	24.661274	33379	0.000000
281474976710655.000000	27.019804	33380	0.000000
281474976710655.000000	27.081482	33381	0.000000
281474976710655.000000	26.240807	33382	0.000000
281474976710655.000000	26.146517	33383	0.000000
281474976710655.000000	26.898230	33384	0.000000
281474976710655.000000	25.870483	33385	0.000000
281474976710655.000000	28.931871	33386	0.000000
281474976710655.000000	28.734924	33387	0.000000
281474976710655.000000	27.696753	33388	0.000000
281474976710655.000000	25.083326	33389	0.000000
281474976710655.000000	29.192030	33390	0.000000
281474976710655.000000	26.167826	33391	0.000000
281474976710655.000000	29.339283	33392	0.000000
281474976710655.000000	27.372000	33393	0.000000
281474976710655.000000	27.611649	33394	0.000000
281474976710655.000000	27.397774	33395	0.000000
281474976710655.000000	27.027433	33396	0.000000
281474976710655.000000	25.222158	33397	0.000000
281474976710655.000000	26.666264	33398	0.000000
281474976710655.000000	24.944561	33399	0.000000
281474976710655.000000	28.060726	33400	0.000000
281474976710655.000000	25.816927	33401	0.000000
281474976710655.000000	24.991993	33402	0.000000
281474976710655.000000	25.697197	33403	0.000000
281474976710655.000000	28.809837	33404	0.000000
281474976710655.000000	24.180815	33405	0.000000
281474976710655.000000	26.329699	33406	0.000000
281474976710655.000000	26.788260	33407	0.000000
281474976710655.000000	25.482065	33408	0.000000
281474976710655.000000	22.300501	33409	0.000000
281474976710655.000000	25.702070	33410	0.000000
281474976710655.000000	25.363239	33411	0.000000
281474976710655.000000	25.152565	33412	0.000000
281474976710655.000000	23.048517	33413	0.000000
281474976710655.000000	27.643393	33414	0.000000
281474976710655.000000	27.144461	33415	0.000000
281474976710655.000000	25.206049	33416	0.000000
281474976710655.000000	21.630804	33417	0.000000
281474976710655.000000	28.537634	33418	0.000000
281474976710655.000000	24.901407	33419	0.000000
281474976710655.000000	27.731663	33420	0.000000
281474976710655.000000	27.247461	33421	0.000000
281474976710655.000000	21.800707	33422	0.000000
281474976710655.000000	23.672508	33423	0.000000
281474976710655.000000	24.876230	33424	0.000000
281474976710655.000000	25.494337	33425	0.000000
281474976710655.000000	26.272377	33426	0.000000
281474976710655.000000	25.957800	33427	0.000000
281474976710655.000000	25.144924	33428	0.000000
281474976710655.000000	24.315180	33429	0.000000
281474976710655.000000	25.910778	33430	0.000000
281474976710655.000000	23.933434	33431	0.000000
281474976710655.000000	25.929483	33432	0.000000
281474976710655.000000	27.005743	33433	0.000000
281474976710655.000000	26.801525	33434	0.000000
281474976710655.000000	24.594358	33435	0.000000
281474976710655.000000	25.720013	33436	0.000000
281474976710655.000000	25.155296	33437	0.000000
281474976710655.000000	25.582441	33438	0.000000
281474976710655.000000	24.640274	33439	0.000000
281474976710655.000000	26.860666	33440	0.000000
281474976710655.000000	25.181551	33441	0.000000
281474976710655.000000	23.791405	33442	0.000000
281474976710655.000000	25.519905	33443	0.000000
281474976710655.000000	25.366344	33444	0.000000
281474976710655.000000	24.768568	33445	0.000000
281474976710655.000000	24.688797	33446	0.000000
281474976710655.000000	26.702547	33447	0.000000
281474976710655.000000	23.516211	33448	0.000000
281474976710655.000000	23.626881	33449	0.000000
281474976710655.000000	24.170567	33450	0.000000
281474976710655.000000	23.034966	33451	0.000000
281474976710655.000000	26.771326	33452	0.000000
281474976710655.000000	26.300856	33453	0.000000
281474976710655.000000	23.481129	33454	0.000000
281474976710655.000000	25.241762	33455	0.000000
281474976710655.000000	24.782248	33456	0.000000
281474976710655.000000	24.672266	33457	0.000000
281474976710655.000000	24.376465	33458	0.000000
281474976710655.000000	20.416468	33459	0.000000
281474976710655.000000	25.126371	33460	0.000000
281474976710655.000000	20.476198	33461	0.000000
281474976710655.000000	22.788990	33462	0.000000
281474976710655.000000	20.674986	33463	0.000000
281474976710655.000000	23.834713	33464	0.000000
281474976710655.000000	23.874559	33465	0.000000
281474976710655.000000	24.849697	33466	0.000000
281474976710655.000000	23.879253	33467	0.000000
281474976710655.000000	24.112226	33468	0.000000
281474976710655.000000	24.456444	33469	0.000000
281474976710655.000000	23.191404	33470	0.000000
281474976710655.000000	23.261953	33471	0.000000
281474976710655.000000	23.045834	33472	0.000000
281474976710655.000000	23.864830	33473	0.000000
281474976710655.000000	20.395267	33474	0.000000
281474976710655.000000	24.204000	33475	0.000000
281474976710655.000000	24.376268	33476	0.000000
281474976710655.000000	22.407862	33477	0.000000
281474976710655.000000	24.120195	33478	0.000000
281474976710655.000000	23.303858	33479	0.000000
281474976710655.000000	24.270830	33480	0.000000
281474976710655.000000	23.068195	33481	0.000000
281474976710655.000000	22.966572	33482	0.000000
281474976710655.000000	21.266272	33483	0.000000
281474976710655.000000	22.798273	33484	0.000000
281474976710655.000000	21.392334	33485	0.000000
281474976710655.000000	24.823351	33486	0.000000
281474976710655.000000	22.459574	33487	0.000000
281474976710655.000000	23.323416	33488	0.000000
281474976710655.000000	21.971985	33489	0.000000
281474976710655.000000	23.528574	33490	0.000000
281474976710655.000000	22.597860	33491	0.000000
281474976710655.000000	25.499058	33492	0.000000
281474976710655.000000	23.130722	33493	0.000000
281474976710655.000000	22.975267	33494	0.000000
281474976710655.000000	23.193905	33495	0.000000
281474976710655.000000	21.296917	33496	0.000000
281474976710655.000000	22.768934	33497	0.000000
281474976710655.000000	22.511658	33498	0.000000
281474976710655.000000	23.882132	33499	0.000000
281474976710655.000000	22.823017	33500	0.000000
281474976710655.000000	22.037302	33501	0.000000
281474976710655.000000	22.294296	33502	0.000000
281474976710655.000000	21.048567	33503	0.000000
281474976710655.000000	23.189993	33504	0.000000
281474976710655.000000	22.974236	33505	0.000000
281474976710655.000000	24.268860	33506	0.000000
281474976710655.000000	22.542238	33507	0.000000
281474976710655.000000	23.274673	33508	0.000000
281474976710655.000000	22.376057	33509	0.000000
281474976710655.000000	23.295658	33510	0.000000
281474976710655.000000	24.131805	33511	0.000000
281474976710655.000000	22.620037	33512	0.000000
281474976710655.000000	22.271362	33513	0.000000
281474976710655.000000	23.441936	33514	0.000000
281474976710655.000000	21.652969	33515	0.000000
281474976710655.000000	24.465307	33516	0.000000
281474976710655.000000	21.456005	33517	0.000000
281474976710655.000000	21.312422	33518	0.000000
281474976710655.000000	21.061838	33519	0.000000
281474976710655.000000	22.485935	33520	0.000000
281474976710655.000000	21.259291	33521	0.000000
281474976710655.000000	23.576845	33522	0.000000
281474976710655.000000	20.865664	33523	0.000000
281474976710655.000000	23.665514	33524	0.000000
281474976710655.000000	21.645683	33525	0.000000
281474976710655.000000	24.222551	33526	0.000000
281474976710655.000000	22.070040	33527	0.000000
281474976710655.000000	22.078644	33528	0.000000
281474976710655.000000	23.108080	33529	0.000000
281474976710655.000000	21.825489	33530	0.000000
281474976710655.000000	21.321983	33531	0.000000
281474976710655.000000	20.987518	33532	0.000000
281474976710655.000000	21.394285	33533	0.000000
281474976710655.000000	21.684391	33534	0.000000
281474976710655.000000	20.643314	33535	0.000000
281474976710655.000000	21.034229	33536	0.000000
281474976710655.000000	21.459003	33537	0.000000
281474976710655.000000	21.355146	33538	0.000000
281474976710655.000000	20.691307	33539	0.000000
281474976710655.000000	20.587412	33540	0.000000
281474976710655.000000	21.458963	33541	0.000000
281474976710655.000000	21.894505	33542	0.000000
281474976710655.000000	22.602278	33543	0.000000
281474976710655.000000	22.946640	33544	0.000000
281474976710655.000000	20.957170	33545	0.000000
281474976710655.000000	21.048729	33546	0.000000
281474976710655.000000	21.528267	33547	0.000000
281474976710655.000000	22.023703	33548	0.000000
281474976710655.000000	22.297974	33549	0.000000
281474976710655.000000	21.266613	33550	0.000000
281474976710655.000000	20.614960	33551	0.000000
281474976710655.000000	21.945047	33552	0.000000
281474976710655.000000	21.697065	33553	0.000000
281474976710655.000000	22.441282	33554	0.000000
281474976710655.000000	21.227772	33555	0.000000
281474976710655.000000	22.245134	33556	0.000000
281474976710655.000000	21.209652	33557	0.000000
281474976710655.000000	21.679211	33558	0.000000
281474976710655.000000	20.822044	33559	0.000000
281474976710655.000000	23.352472	33560	0.000000
281474976710655.000000	21.775021	33561	0.000000
281474976710655.000000	21.180954	33562	0.000000
281474976710655.000000	20.244852	33563	0.000000
281474976710655.000000	21.398254	33564	0.000000
281474976710655.000000	20.264898	33565	0.000000
281474976710655.000000	21.825579	33566	0.000000
281474976710655.000000	21.177238	33567	0.000000
281474976710655.000000	20.441942	33568	0.000000
281474976710655.000000	21.004332	33569	0.000000
281474976710655.000000	20.836761	33570	0.000000
281474976710655.000000	22.320625	33571	0.000000
281474976710655.000000	22.634829	33572	0.000000
281474976710655.000000	20.448153	33573	0.000000
281474976710655.000000	19.866743	33574	0.000000
281474976710655.000000	20.666117	33575	0.000000
281474976710655.000000	20.553284	33576	0.000000
281474976710655.000000	20.281246	33577	0.000000
281474976710655.000000	22.816942	33578	0.000000
281474976710655.000000	21.351480	33579	0.000000
281474976710655.000000	20.537361	33580	0.000000
281474976710655.000000	20.572670	33581	0.000000
281474976710655.000000	20.359411	33582	0.000000
281474976710655.000000	20.375797	33583	0.000000
281474976710655.000000	20.534294	33584	0.000000
281474976710655.000000	20.581240	33585	0.000000
281474976710655.000000	20.349932	33586	0.000000
281474976710655.000000	19.478321	33587	0.000000
281474976710655.000000	19.754204	33588	0.000000
281474976710655.000000	20.525440	33589	0.000000
281474976710655.000000	20.059172	33590	0.000000
281474976710655.000000	20.669773	33591	0.000000
281474976710655.000000	21.276684	33592	0.000000
281474976710655.000000	19.550812	33593	0.000000
281474976710655.000000	20.677000	33594	0.000000
281474976710655.000000	20.018204	33595	0.000000
281474976710655.000000	20.684490	33596	0.000000
281474976710655.000000	20.239962	33597	0.000000
281474976710655.000000	21.461830	33598	0.000000
281474976710655.000000	18.974058	33599	0.000000
281474976710655.000000	19.485458	33600	0.000000
281474976710655.000000	19.356916	33601	0.000000
281474976710655.000000	20.701527	33602	0.000000
281474976710655.000000	19.422890	33603	0.000000
281474976710655.000000	19.943871	33604	0.000000
281474976710655.000000	20.075523	33605	0.000000
281474976710655.000000	19.514076	33606	0.000000
281474976710655.000000	19.530312	33607	0.000000
281474976710655.000000	19.908804	33608	0.000000
281474976710655.000000	19.540842	33609	0.000000
281474976710655.000000	20.571196	33610	0.000000
281474976710655.000000	20.827635	33611	0.000000
281474976710655.000000	19.236147	33612	0.000000
281474976710655.000000	19.016722	33613	0.000000
281474976710655.000000	19.443474	33614	0.000000
281474976710655.000000	20.117638	33615	0.000000
281474976710655.000000	19.685131	33616	0.000000
281474976710655.000000	18.901438	33617	0.000000
281474976710655.000000	19.549570	33618	0.000000
281474976710655.000000	20.294847	33619	0.000000
281474976710655.000000	19.760916	33620	0.000000
281474976710655.000000	19.136618	33621	0.000000
281474976710655.000000	19.893707	33622	0.000000
281474976710655.000000	20.253355	33623	0.000000
281474976710655.000000	19.465328	33624	0.000000
281474976710655.000000	19.512707	33625	0.000000
281474976710655.000000	19.825550	33626	0.000000
281474976710655.000000	18.849205	33627	0.000000
281474976710655.000000	20.040030	33628	0.000000
281474976710655.000000	19.745672	33629	0.000000
281474976710655.000000	18.135260	33630	0.000000
281474976710655.000000	19.010633	33631	0.000000
281474976710655.000000	18.964390	33632	0.000000
281474976710655.000000	18.893410	33633	0.000000
281474976710655.000000	18.893475	33634	0.000000
281474976710655.000000	19.887299	33635	0.000000
281474976710655.000000	19.179804	33636	0.000000
281474976710655.000000	18.340227	33637	0.000000
281474976710655.000000	19.244980	33638	0.000000
281474976710655.000000	20.104893	33639	0.000000
281474976710655.000000	19.154152	33640	0.000000
281474976710655.000000	19.290884	33641	0.000000
281474976710655.000000	18.801659	33642	0.000000
281474976710655.000000	18.611614	33643	0.000000
281474976710655.000000	19.015438	33644	0.000000
281474976710655.000000	18.891426	33645	0.000000
281474976710655.000000	18.775375	33646	0.000000
281474976710655.000000	19.212217	33647	0.000000
281474976710655.000000	18.953951	33648	0.000000
281474976710655.000000	18.725595	33649	0.000000
281474976710655.000000	19.023352	33650	0.000000
281474976710655.000000	18.167938	33651	0.000000
281474976710655.000000	18.496803	33652	0.000000
281474976710655.000000	18.755445	33653	0.000000
281474976710655.000000	19.296841	33654	0.000000
281474976710655.000000	18.893604	33655	0.000000
281474976710655.000000	18.868252	33656	0.000000
281474976710655.000000	18.725428	33657	0.000000
281474976710655.000000	20.152897	33658	0.000000
281474976710655.000000	18.952959	33659	0.000000
281474976710655.000000	18.983212	33660	0.000000
281474976710655.000000	18.684843	33661	0.000000
281474976710655.000000	19.260401	33662	0.000000
281474976710655.000000	20.080160	33663	0.000000
281474976710655.000000	20.212448	33664	0.000000
281474976710655.000000	18.288139	33665	0.000000
281474976710655.000000	19.643053	33666	0.000000
281474976710655.000000	18.105143	33667	0.000000
281474976710655.000000	18.140030	33668	0.000000
281474976710655.000000	19.959972	33669	0.000000
281474976710655.000000	19.889240	33670	0.000000
281474976710655.000000	18.458275	33671	0.000000
281474976710655.000000	17.853973	33672	0.000000
281474976710655.000000	19.519882	33673	0.000000
281474976710655.000000	19.029703	33674	0.000000
281474976710655.000000	18.490677	33675	0.000000
281474976710655.000000	17.632318	33676	0.000000
281474976710655.000000	17.773952	33677	0.000000
281474976710655.000000	17.256966	33678	0.000000
281474976710655.000000	18.821789	33679	0.000000
281474976710655.000000	18.710600	33680	0.000000
281474976710655.000000	17.607733	33681	0.000000
281474976710655.000000	17.870695	33682	0.000000
281474976710655.000000	17.731005	33683	0.000000
281474976710655.000000	17.511074	33684	0.000000
281474976710655.000000	18.223660	33685	0.000000
281474976710655.000000	17.998154	33686	0.000000
281474976710655.000000	17.907948	33687	0.000000
281474976710655.000000	17.653061	33688	0.000000
281474976710655.000000	18.338356	33689	0.000000
281474976710655.000000	17.910650	33690	0.000000
281474976710655.000000	17.564215	33691	0.000000
281474976710655.000000	17.773500	33692	0.000000
281474976710655.000000	17.948439	33693	0.000000
281474976710655.000000	17.679211	33694	0.000000
281474976710655.000000	17.703754	33695	0.000000
281474976710655.000000	17.508028	33696	0.000000
281474976710655.000000	17.828384	33697	0.000000
281474976710655.000000	17.540178	33698	0.000000
281474976710655.000000	17.080963	33699	0.000000
281474976710655.000000	17.841413	33700	0.000000
281474976710655.000000	17.178162	33701	0.000000
281474976710655.000000	17.921249	33702	0.000000
281474976710655.000000	17.618105	33703	0.000000
281474976710655.000000	17.545740	33704	0.000000
281474976710655.000000	18.326084	33705	0.000000
281474976710655.000000	18.125793	33706	0.000000
281474976710655.000000	18.303154	33707	0.000000
281474976710655.000000	19.197952	33708	0.000000
281474976710655.000000	16.560459	33709	0.000000
281474976710655.000000	18.231527	33710	0.000000
281474976710655.000000	18.462967	33711	0.000000
281474976710655.000000	18.516983	33712	0.000000
281474976710655.000000	17.616524	33713	0.000000
281474976710655.000000	17.205204	33714	0.000000
281474976710655.000000	15.301703	33715	0.000000
281474976710655.000000	16.648273	33716	0.000000
281474976710655.000000	16.532873	33717	0.000000
281474976710655.000000	16.310394	33718	0.000000
281474976710655.000000	18.216331	33719	0.000000
281474976710655.000000	16.982672	33720	0.000000
281474976710655.000000	18.250076	33721	0.000000
281474976710655.000000	17.607956	33722	0.000000
281474976710655.000000	16.597757	33723	0.000000
281474976710655.000000	17.604324	33724	0.000000
281474976710655.000000	16.968525	33725	0.000000
281474976710655.000000	17.701466	33726	0.000000
281474976710655.000000	17.400084	33727	0.000000
281474976710655.000000	17.115519	33728	0.000000
281474976710655.000000	17.248375	33729	0.000000
281474976710655.000000	17.198313	33730	0.000000
281474976710655.000000	16.938082	33731	0.000000
281474976710655.000000	16.825741	33732	0.000000
281474976710655.000000	16.638102	33733	0.000000
281474976710655.000000	16.973486	33734	0.000000
281474976710655.000000	17.173885	33735	0.000000
281474976710655.000000	16.845264	33736	0.000000
281474976710655.000000	17.374817	33737	0.000000
281474976710655.000000	16.937365	33738	0.000000
281474976710655.000000	17.339718	33739	0.000000
281474976710655.000000	16.941565	33740	0.000000
281474976710655.000000	17.117977	33741	0.000000
281474976710655.000000	16.783369	33742	0.000000
281474976710655.000000	17.195246	33743	0.000000
281474976710655.000000	17.326555	33744	0.000000
281474976710655.000000	16.505175	33745	0.000000
281474976710655.000000	16.663815	33746	0.000000
281474976710655.000000	16.966663	33747	0.000000
281474976710655.000000	16.269323	33748	0.000000
281474976710655.000000	15.766136	33749	0.000000
281474976710655.000000	16.689861	33750	0.000000
281474976710655.000000	17.000620	33751	0.000000
281474976710655.000000	16.497152	33752	0.000000
281474976710655.000000	16.125036	33753	0.000000
281474976710655.000000	17.020405	33754	0.000000
281474976710655.000000	15.936406	33755	0.000000
281474976710655.000000	16.566210	33756	0.000000
281474976710655.000000	16.858173	33757	0.000000
281474976710655.000000	16.257057	33758	0.000000
281474976710655.000000	16.226881	33759	0.000000
281474976710655.000000	15.811025	33760	0.000000
281474976710655.000000	16.878296	33761	0.000000
281474976710655.000000	16.104563	33762	0.000000
281474976710655.000000	16.617849	33763	0.000000
281474976710655.000000	16.580645	33764	0.000000
281474976710655.000000	16.702852	33765	0.000000
281474976710655.000000	15.856996	33766	0.000000
281474976710655.000000	16.300999	33767	0.000000
281474976710655.000000	16.496204	33768	0.000000
281474976710655.000000	15.808091	33769	0.000000
281474976710655.000000	16.268951	33770	0.000000
281474976710655.000000	15.584796	33771	0.000000
281474976710655.000000	16.366522	33772	0.000000
281474976710655.000000	16.147129	33773	0.000000
281474976710655.000000	16.371229	33774	0.000000
281474976710655.000000	15.212762	33775	0.000000
281474976710655.000000	15.772312	33776	0.000000
281474976710655.000000	16.085937	33777	0.000000
281474976710655.000000	15.396035	33778	0.000000
281474976710655.000000	16.337730	33779	0.000000
281474976710655.000000	16.506535	33780	0.000000
281474976710655.000000	15.222021	33781	0.000000
281474976710655.000000	15.699573	33782	0.000000
281474976710655.000000	16.263266	33783	0.000000
281474976710655.000000	15.581994	33784	0.000000
281474976710655.000000	15.797229	33785	0.000000
281474976710655.000000	16.236641	33786	0.000000
281474976710655.000000	16.158680	33787	0.000000
281474976710655.000000	16.187347	33788	0.000000
281474976710655.000000	15.142193	33789	0.000000
281474976710655.000000	15.652269	33790	0.000000
281474976710655.000000	16.458912	33791	0.000000
281474976710655.000000	16.380350	33792	0.000000
281474976710655.000000	15.632476	33793	0.000000
281474976710655.000000	15.625559	33794	0.000000
281474976710655.000000	15.201935	33795	0.000000
281474976710655.000000	16.194559	33796	0.000000
281474976710655.000000	15.995522	33797	0.000000
281474976710655.000000	15.630701	33798	0.000000
281474976710655.000000	15.198110	33799	0.000000
281474976710655.000000	15.646295	33800	0.000000
281474976710655.000000	15.219805	33801	0.000000
281474976710655.000000	15.642575	33802	0.000000
281474976710655.000000	15.737043	33803	0.000000
281474976710655.000000	15.448677	33804	0.000000
281474976710655.000000	14.744904	33805	0.000000
281474976710655.000000	15.985451	33806	0.000000
281474976710655.000000	14.752831	33807	0.000000
281474976710655.000000	15.374558	33808	0.000000
281474976710655.000000	16.042505	33809	0.000000
281474976710655.000000	15.028252	33810	0.000000
281474976710655.000000	14.420025	33811	0.000000
281474976710655.000000	15.781802	33812	0.000000
281474976710655.000000	16.521454	33813	0.000000
281474976710655.000000	16.135014	33814	0.000000
281474976710655.000000	15.910452	33815	0.000000
281474976710655.000000	15.227839	33816	0.000000
281474976710655.000000	15.371454	33817	0.000000
281474976710655.000000	16.125032	33818	0.000000
281474976710655.000000	14.209384	33819	0.000000
281474976710655.000000	15.150580	33820	0.000000
281474976710655.000000	14.465521	33821	0.000000
281474976710655.000000	15.433391	33822	0.000000
281474976710655.000000	14.470600	33823	0.000000
281474976710655.000000	15.157116	33824	0.000000
281474976710655.000000	15.120275	33825	0.000000
281474976710655.000000	15.640143	33826	0.000000
281474976710655.000000	14.571936	33827	0.000000
281474976710655.000000	15.036526	33828	0.000000
281474976710655.000000	14.838882	33829	0.000000
281474976710655.000000	15.109763	33830	0.000000
281474976710655.000000	15.632994	33831	0.000000
281474976710655.000000	14.601335	33832	0.000000
281474976710655.000000	14.615155	33833	0.000000
281474976710655.000000	14.952165	33834	0.000000
281474976710655.000000	15.291200	33835	0.000000
281474976710655.000000	14.832808	33836	0.000000
281474976710655.000000	15.428490	33837	0.000000
281474976710655.000000	15.302992	33838	0.000000
281474976710655.000000	14.135233	33839	0.000000
281474976710655.000000	14.457897	33840	0.000000
281474976710655.000000	14.795686	33841	0.000000
281474976710655.000000	14.697696	33842	0.000000
281474976710655.000000	14.273846	33843	0.000000
281474976710655.000000	14.633123	33844	0.000000
281474976710655.000000	15.955856	33845	0.000000
281474976710655.000000	14.815839	33846	0.000000
281474976710655.000000	15.447400	33847	0.000000
281474976710655.000000	14.760437	33848	0.000000
281474976710655.000000	14.567725	33849	0.000000
281474976710655.000000	14.248288	33850	0.000000
281474976710655.000000	14.186468	33851	0.000000
281474976710655.000000	14.205807	33852	0.000000
281474976710655.000000	14.472540	33853	0.000000
281474976710655.000000	15.032431	33854	0.000000
281474976710655.000000	14.860070	33855	0.000000
281474976710655.000000	14.564753	33856	0.000000
281474976710655.000000	14.421670	33857	0.000000
281474976710655.000000	14.475597	33858	0.000000
281474976710655.000000	13.766714	33859	0.000000
281474976710655.000000	14.165615	33860	0.000000
281474976710655.000000	14.252655	33861	0.000000
281474976710655.000000	14.230779	33862	0.000000
281474976710655.000000	13.955867	33863	0.000000
281474976710655.000000	14.458045	33864	0.000000
281474976710655.000000	14.357622	33865	0.000000
281474976710655.000000	15.159343	33866	0.000000
281474976710655.000000	14.212389	33867	0.000000
281474976710655.000000	14.368206	33868	0.000000
281474976710655.000000	13.904705	33869	0.000000
281474976710655.000000	14.486271	33870	0.000000
281474976710655.000000	14.727768	33871	0.000000
281474976710655.000000	14.296416	33872	0.000000
281474976710655.000000	13.779376	33873	0.000000
281474976710655.000000	14.712664	33874	0.000000
281474976710655.000000	13.975137	33875	0.000000
281474976710655.000000	13.832187	33876	0.000000
281474976710655.000000	14.249987	33877	0.000000
281474976710655.000000	14.429459	33878	0.000000
281474976710655.000000	14.403077	33879	0.000000
281474976710655.000000	14.199291	33880	0.000000
281474976710655.000000	13.119235	33881	0.000000
281474976710655.000000	14.701565	33882	0.000000
281474976710655.000000	15.118344	33883	0.000000
281474976710655.000000	14.420286	33884	0.000000
281474976710655.000000	14.310016	33885	0.000000
281474976710655.000000	14.517230	33886	0.000000
281474976710655.000000	12.336321	33887	0.000000
281474976710655.000000	14.263056	33888	0.000000
281474976710655.000000	13.915985	33889	0.000000
281474976710655.000000	13.644924	33890	0.000000
281474976710655.000000	14.273293	33891	0.000000
281474976710655.000000	13.801950	33892	0.000000
281474976710655.000000	13.628575	33893	0.000000
281474976710655.000000	14.260461	33894	0.000000
281474976710655.000000	13.149949	33895	0.000000
281474976710655.000000	13.027664	33896	0.000000
281474976710655.000000	13.959650	33897	0.000000
281474976710655.000000	13.762357	33898	0.000000
281474976710655.000000	13.633830	33899	0.000000
281474976710655.000000	13.673155	33900	0.000000
281474976710655.000000	13.740264	33901	0.000000
281474976710655.000000	14.198565	33902	0.000000
281474976710655.000000	13.733860	33903	0.000000
281474976710655.000000	13.542680	33904	0.000000
281474976710655.000000	13.184127	33905	0.000000
281474976710655.000000	13.042195	33906	0.000000
281474976710655.000000	13.155435	33907	0.000000
281474976710655.000000	13.931664	33908	0.000000
281474976710655.000000	13.383604	33909	0.000000
281474976710655.000000	13.362061	33910	0.000000
281474976710655.000000	13.533124	33911	0.000000
281474976710655.000000	13.525144	33912	0.000000
281474976710655.000000	13.812502	33913	0.000000
281474976710655.000000	13.744451	33914	0.000000
281474976710655.000000	13.190339	33915	0.000000
281474976710655.000000	13.055944	33916	0.000000
281474976710655.000000	13.162391	33917	0.000000
281474976710655.000000	13.404289	33918	0.000000
281474976710655.000000	13.175003	33919	0.000000
281474976710655.000000	13.415047	33920	0.000000
281474976710655.000000	13.234126	33921	0.000000
281474976710655.000000	13.097881	33922	0.000000
281474976710655.000000	12.917683	33923	0.000000
281474976710655.000000	13.336616	33924	0.000000
281474976710655.000000	12.985635	33925	0.000000
281474976710655.000000	13.056964	33926	0.000000
281474976710655.000000	13.237255	33927	0.000000
281474976710655.000000	13.427810	33928	0.000000
281474976710655.000000	12.958460	33929	0.000000
281474976710655.000000	13.219213	33930	0.000000
281474976710655.000000	13.435446	33931	0.000000
281474976710655.000000	13.453155	33932	0.000000
281474976710655.000000	12.737939	33933	0.000000
281474976710655.000000	13.162066	33934	0.000000
281474976710655.000000	13.259412	33935	0.000000
281474976710655.000000	13.092607	33936	0.000000
281474976710655.000000	12.927398	33937	0.000000
281474976710655.000000	13.499434	33938	0.000000
281474976710655.000000	12.858973	33939	0.000000
281474976710655.000000	13.001262	33940	0.000000
281474976710655.000000	12.663703	33941	0.000000
281474976710655.000000	13.177230	33942	0.000000
281474976710655.000000	13.035187	33943	0.000000
281474976710655.000000	13.169641	33944	0.000000
281474976710655.000000	12.736289	33945	0.000000
281474976710655.000000	13.214138	33946	0.000000
281474976710655.000000	12.585087	33947	0.000000
281474976710655.000000	13.164075	33948	0.000000
281474976710655.000000	12.441926	33949	0.000000
281474976710655.000000	12.464868	33950	0.000000
281474976710655.000000	12.682198	33951	0.000000
281474976710655.000000	12.655649	33952	0.000000
281474976710655.000000	12.483745	33953	0.000000
281474976710655.000000	12.770806	33954	0.000000
281474976710655.000000	12.639916	33955	0.000000
281474976710655.000000	12.620546	33956	0.000000
281474976710655.000000	12.533119	33957	0.000000
281474976710655.000000	12.493653	33958	0.000000
281474976710655.000000	12.301853	33959	0.000000
281474976710655.000000	12.566965	33960	0.000000
281474976710655.000000	12.371812	33961	0.000000
281474976710655.000000	12.632435	33962	0.000000
281474976710655.000000	12.214434	33963	0.000000
281474976710655.000000	12.439883	33964	0.000000
281474976710655.000000	12.221029	33965	0.000000
281474976710655.000000	12.318085	33966	0.000000
281474976710655.000000	12.449384	33967	0.000000
281474976710655.000000	12.173130	33968	0.000000
281474976710655.000000	12.281657	33969	0.000000
281474976710655.000000	12.681528	33970	0.000000
281474976710655.000000	12.221484	33971	0.000000
281474976710655.000000	12.292552	33972	0.000000
281474976710655.000000	12.331514	33973	0.000000
281474976710655.000000	12.388680	33974	0.000000
281474976710655.000000	12.419092	33975	0.000000
281474976710655.000000	12.192553	33976	0.000000
281474976710655.000000	12.369565	33977	0.000000
281474976710655.000000	12.298761	33978	0.000000
281474976710655.000000	13.015019	33979	0.000000
281474976710655.000000	12.353235	33980	0.000000
281474976710655.000000	12.057569	33981	0.000000
281474976710655.000000	12.723143	33982	0.000000
281474976710655.000000	12.174319	33983	0.000000
281474976710655.000000	12.048617	33984	0.000000
281474976710655.000000	12.066627	33985	0.000000
281474976710655.000000	12.033745	33986	0.000000
281474976710655.000000	12.480488	33987	0.000000
281474976710655.000000	12.949966	33988	0.000000
281474976710655.000000	12.443209	33989	0.000000
281474976710655.000000	12.535439	33990	0.000000
281474976710655.000000	11.672270	33991	0.000000
281474976710655.000000	12.164473	33992	0.000000
281474976710655.000000	12.232507	33993	0.000000
281474976710655.000000	11.753268	33994	0.000000
281474976710655.000000	12.136372	33995	0.000000
281474976710655.000000	12.630387	33996	0.000000
281474976710655.000000	12.069014	33997	0.000000
281474976710655.000000	12.322793	33998	0.000000
281474976710655.000000	11.940075	33999	0.000000
281474976710655.000000	11.498070	34000	0.000000
281474976710655.000000	11.579265	34001	0.000000
281474976710655.000000	12.269464	34002	0.000000
281474976710655.000000	12.548651	34003	0.000000
281474976710655.000000	11.475212	34004	0.000000
281474976710655.000000	11.830237	34005	0.000000
281474976710655.000000	11.374215	34006	0.000000
281474976710655.000000	12.928730	34007	0.000000
281474976710655.000000	12.438505	34008	0.000000
281474976710655.000000	12.478557	34009	0.000000
281474976710655.000000	11.687675	34010	0.000000
281474976710655.000000	11.560023	34011	0.000000
281474976710655.000000	12.224196	34012	0.000000
281474976710655.000000	11.509931	34013	0.000000
281474976710655.000000	11.899226	34014	0.000000
281474976710655.000000	11.768474	34015	0.000000
281474976710655.000000	11.884621	34016	0.000000
281474976710655.000000	11.565243	34017	0.000000
281474976710655.000000	11.524986	34018	0.000000
281474976710655.000000	11.703347	34019	0.000000
281474976710655.000000	11.636442	34020	0.000000
281474976710655.000000	11.368134	34021	0.000000
281474976710655.000000	11.322618	34022	0.000000
281474976710655.000000	11.386367	34023	0.000000
281474976710655.000000	11.420004	34024	0.000000
281474976710655.000000	11.565845	34025	0.000000
281474976710655.000000	11.507907	34026	0.000000
281474976710655.000000	11.944987	34027	0.000000
281474976710655.000000	11.653022	34028	0.000000
281474976710655.000000	11.580663	34029	0.000000
281474976710655.000000	11.681605	34030	0.000000
281474976710655.000000	11.405382	34031	0.000000
281474976710655.000000	11.493729	34032	0.000000
281474976710655.000000	11.032972	34033	0.000000
281474976710655.000000	11.593174	34034	0.000000
281474976710655.000000	11.395898	34035	0.000000
281474976710655.000000	11.604132	34036	0.000000
281474976710655.000000	11.496525	34037	0.000000
281474976710655.000000	11.628167	34038	0.000000
281474976710655.000000	11.589936	34039	0.000000
281474976710655.000000	11.334489	34040	0.000000
281474976710655.000000	11.467727	34041	0.000000
281474976710655.000000	11.675945	34042	0.000000
281474976710655.000000	11.398845	34043	0.000000
281474976710655.000000	11.245275	34044	0.000000
281474976710655.000000	11.444489	34045	0.000000
281474976710655.000000	11.264338	34046	0.000000
281474976710655.000000	11.118171	34047	0.000000
281474976710655.000000	11.473109	34048	0.000000
281474976710655.000000	11.107787	34049	0.000000
281474976710655.000000	11.366989	34050	0.000000
281474976710655.000000	11.253645	34051	0.000000
281474976710655.000000	11.620643	34052	0.000000
281474976710655.000000	11.171422	34053	0.000000
281474976710655.000000	11.449142	34054	0.000000
281474976710655.000000	11.316089	34055	0.000000
281474976710655.000000	11.302616	34056	0.000000
281474976710655.000000	11.177702	34057	0.000000
281474976710655.000000	11.334877	34058	0.000000
281474976710655.000000	11.012180	34059	0.000000
281474976710655.000000	10.745583	34060	0.000000
281474976710655.000000	11.219282	34061	0.000000
281474976710655.000000	10.658566	34062	0.000000
281474976710655.000000	11.242870	34063	0.000000
281474976710655.000000	10.721101	34064	0.000000
281474976710655.000000	11.475734	34065	0.000000
281474976710655.000000	10.973619	34066	0.000000
281474976710655.000000	10.405748	34067	0.000000
281474976710655.000000	10.666981	34068	0.000000
281474976710655.000000	10.998537	34069	0.000000
281474976710655.000000	10.883794	34070	0.000000
281474976710655.000000	10.845141	34071	0.000000
281474976710655.000000	10.865733	34072	0.000000
281474976710655.000000	11.144964	34073	0.000000
281474976710655.000000	11.226751	34074	0.000000
281474976710655.000000	11.377679	34075	0.000000
281474976710655.000000	11.157081	34076	0.000000
281474976710655.000000	10.796913	34077	0.000000
281474976710655.000000	10.725772	34078	0.000000
281474976710655.000000	10.359253	34079	0.000000
281474976710655.000000	11.038717	34080	0.000000
281474976710655.000000	10.871925	34081	0.000000
281474976710655.000000	11.202858	34082	0.000000
281474976710655.000000	10.659910	34083	0.000000
281474976710655.000000	10.975245	34084	0.000000
281474976710655.000000	10.533609	34085	0.000000
281474976710655.000000	10.543604	34086	0.000000
281474976710655.000000	10.740080	34087	0.000000
281474976710655.000000	10.739145	34088	0.000000
281474976710655.000000	10.763260	34089	0.000000
281474976710655.000000	10.591078	34090	0.000000
281474976710655.000000	10.712852	34091	0.000000
281474976710655.000000	10.748857	34092	0.000000
281474976710655.000000	10.582636	34093	0.000000
281474976710655.000000	10.698486	34094	0.000000
281474976710655.000000	10.491725	34095	0.000000
281474976710655.000000	10.801824	34096	0.000000
281474976710655.000000	10.527143	34097	0.000000
281474976710655.000000	10.752035	34098	0.000000
281474976710655.000000	10.788844	34099	0.000000
281474976710655.000000	10.602804	34100	0.000000
281474976710655.000000	10.615527	34101	0.000000
281474976710655.000000	10.754028	34102	0.000000
281474976710655.000000	10.614175	34103	0.000000
281474976710655.000000	10.501915	34104	0.000000
281474976710655.000000	10.669779	34105	0.000000
281474976710655.000000	10.397577	34106	0.000000
281474976710655.000000	10.248683	34107	0.000000
281474976710655.000000	10.208668	34108	0.000000
281474976710655.000000	10.323322	34109	0.000000
281474976710655.000000	10.551559	34110	0.000000
281474976710655.000000	10.256158	34111	0.000000
281474976710655.000000	10.396811	34112	0.000000
281474976710655.000000	10.459731	34113	0.000000
281474976710655.000000	10.488720	34114	0.000000
281474976710655.000000	10.552834	34115	0.000000
281474976710655.000000	10.470506	34116	0.000000
281474976710655.000000	10.484737	34117	0.000000
281474976710655.000000	10.265864	34118	0.000000
281474976710655.000000	10.412273	34119	0.000000
281474976710655.000000	10.134874	34120	0.000000
281474976710655.000000	10.356423	34121	0.000000
281474976710655.000000	10.374341	34122	0.000000
281474976710655.000000	10.400167	34123	0.000000
281474976710655.000000	10.082582	34124	0.000000
281474976710655.000000	10.207425	34125	0.000000
281474976710655.000000	10.530228	34126	0.000000
281474976710655.000000	10.088740	34127	0.000000
281474976710655.000000	10.565188	34128	0.000000
281474976710655.000000	10.283483	34129	0.000000
281474976710655.000000	10.202950	34130	0.000000
281474976710655.000000	10.148142	34131	0.000000
281474976710655.000000	10.048685	34132	0.000000
281474976710655.000000	10.274837	34133	0.000000
281474976710655.000000	10.155020	34134	0.000000
281474976710655.000000	10.647282	34135	0.000000
281474976710655.000000	10.499577	34136	0.000000
281474976710655.000000	10.374474	34137	0.000000
281474976710655.000000	10.409050	34138	0.000000
281474976710655.000000	10.099931	34139	0.000000
281474976710655.000000	10.329459	34140	0.000000
281474976710655.000000	10.006932	34141	0.000000
281474976710655.000000	10.344141	34142	0.000000
281474976710655.000000	10.175338	34143	0.000000
281474976710655.000000	10.634499	34144	0.000000
281474976710655.000000	10.196548	34145	0.000000
281474976710655.000000	10.065928	34146	0.000000
281474976710655.000000	9.805986	34147	0.000000
281474976710655.000000	9.997766	34148	0.000000
281474976710655.000000	10.116089	34149	0.000000
281474976710655.000000	9.913009	34150	0.000000
281474976710655.000000	9.869606	34151	0.000000
281474976710655.000000	9.929669	34152	0.000000
281474976710655.000000	9.977414	34153	0.000000
281474976710655.000000	9.583030	34154	0.000000
281474976710655.000000	9.895791	34155	0.000000
281474976710655.000000	10.144808	34156	0.000000
281474976710655.000000	9.791447	34157	0.000000
281474976710655.000000	9.725990	34158	0.000000
281474976710655.000000	9.899841	34159	0.000000
281474976710655.000000	9.986990	34160	0.000000
281474976710655.000000	9.950345	34161	0.000000
281474976710655.000000	9.797030	34162	0.000000
281474976710655.000000	9.750232	34163	0.000000
281474976710655.000000	9.775846	34164	0.000000
281474976710655.000000	9.904966	34165	0.000000
281474976710655.000000	9.751616	34166	0.000000
281474976710655.000000	9.789021	34167	0.000000
281474976710655.000000	9.591843	34168	0.000000
281474976710655.000000	9.561718	34169	0.000000
281474976710655.000000	9.539699	34170	0.000000
281474976710655.000000	9.764183	34171	0.000000
281474976710655.000000	9.904404	34172	0.000000
281474976710655.000000	9.501120	34173	0.000000
281474976710655.000000	9.693790	34174	0.000000
281474976710655.000000	9.480411	34175	0.000000
281474976710655.000000	9.785821	34176	0.000000
281474976710655.000000	9.534881	34177	0.000000
281474976710655.000000	9.644034	34178	0.000000
281474976710655.000000	9.526880	34179	0.000000
281474976710655.000000	9.401387	34180	0.000000
281474976710655.000000	9.604045	34181	0.000000
281474976710655.000000	9.291594	34182	0.000000
281474976710655.000000	9.744592	34183	0.000000
281474976710655.000000	9.649467	34184	0.000000
281474976710655.000000	9.382914	34185	0.000000
281474976710655.000000	9.347179	34186	0.000000
281474976710655.000000	9.508372	34187	0.000000
281474976710655.000000	9.623353	34188	0.000000
281474976710655.000000	9.399154	34189	0.000000
281474976710655.000000	9.420560	34190	0.000000
281474976710655.000000	9.606605	34191	0.000000
281474976710655.000000	9.566589	34192	0.000000
281474976710655.000000	9.544641	34193	0.000000
281474976710655.000000	9.704178	34194	0.000000
281474976710655.000000	9.274414	34195	0.000000
281474976710655.000000	9.318769	34196	0.000000
281474976710655.000000	9.519643	34197	0.000000
281474976710655.000000	9.563306	34198	0.000000
281474976710655.000000	9.309560	34199	0.000000
281474976710655.000000	9.187585	34200	0.000000
281474976710655.000000	9.517860	34201	0.000000
281474976710655.000000	9.416148	34202	0.000000
281474976710655.000000	9.363379	34203	0.000000
281474976710655.000000	9.550009	34204	0.000000
281474976710655.000000	9.317657	34205	0.000000
281474976710655.000000	9.388977	34206	0.000000
281474976710655.000000	9.474545	34207	0.000000
281474976710655.000000	9.365731	34208	0.000000
281474976710655.000000	9.349235	34209	0.000000
281474976710655.000000	9.259334	34210	0.000000
281474976710655.000000	9.313609	34211	0.000000
281474976710655.000000	9.358401	34212	0.000000
281474976710655.000000	9.213650	34213	0.000000
281474976710655.000000	9.116876	34214	0.000000
281474976710655.000000	9.360435	34215	0.000000
281474976710655.000000	9.044807	34216	0.000000
281474976710655.000000	9.163662	34217	0.000000
281474976710655.000000	9.135070	34218	0.000000
281474976710655.000000	9.010167	34219	0.000000
281474976710655.000000	9.227070	34220	0.000000
281474976710655.000000	9.159622	34221	0.000000
281474976710655.000000	9.302825	34222	0.000000
281474976710655.000000	9.073731	34223	0.000000
281474976710655.000000	9.319116	34224	0.000000
281474976710655.000000	9.068075	34225	0.000000
281474976710655.000000	9.116272	34226	0.000000
281474976710655.000000	9.402404	34227	0.000000
281474976710655.000000	9.239916	34228	0.000000
281474976710655.000000	9.090917	34229	0.000000
281474976710655.000000	8.894338	34230	0.000000
281474976710655.000000	9.128544	34231	0.000000
281474976710655.000000	9.089027	34232	0.000000
281474976710655.000000	8.914682	34233	0.000000
281474976710655.000000	8.972943	34234	0.000000
281474976710655.000000	8.803590	34235	0.000000
281474976710655.000000	9.019963	34236	0.000000
281474976710655.000000	8.978187	34237	0.000000
281474976710655.000000	8.883185	34238	0.000000
281474976710655.000000	9.055890	34239	0.000000
281474976710655.000000	8.959718	34240	0.000000
281474976710655.000000	8.784053	34241	0.000000
281474976710655.000000	8.966012	34242	0.000000
281474976710655.000000	8.831963	34243	0.000000
281474976710655.000000	8.825230	34244	0.000000
281474976710655.000000	8.858296	34245	0.000000
281474976710655.000000	8.587611	34246	0.000000
281474976710655.000000	9.076312	34247	0.000000
281474976710655.000000	9.130812	34248	0.000000
281474976710655.000000	8.642276	34249	0.000000
281474976710655.000000	9.092853	34250	0.000000
281474976710655.000000	8.775986	34251	0.000000
281474976710655.000000	9.062878	34252	0.000000
281474976710655.000000	8.920099	34253	0.000000
281474976710655.000000	8.990199	34254	0.000000
281474976710655.000000	8.623405	34255	0.000000
281474976710655.000000	8.220263	34256	0.000000
281474976710655.000000	8.831113	34257	0.000000
281474976710655.000000	8.614947	34258	0.000000
281474976710655.000000	8.884897	34259	0.000000
281474976710655.000000	8.970835	34260	0.000000
281474976710655.000000	8.548097	34261	0.000000
281474976710655.000000	8.553707	34262	0.000000
281474976710655.000000	8.831339	34263	0.000000
281474976710655.000000	8.792180	34264	0.000000
281474976710655.000000	8.633149	34265	0.000000
281474976710655.000000	8.689291	34266	0.000000
281474976710655.000000	8.458879	34267	0.000000
281474976710655.000000	8.754766	34268	0.000000
281474976710655.000000	8.675286	34269	0.000000
281474976710655.000000	8.671838	34270	0.000000
281474976710655.000000	8.510506	34271	0.000000
281474976710655.000000	8.592978	34272	0.000000
281474976710655.000000	8.506980	34273	0.000000
281474976710655.000000	8.467811	34274	0.000000
281474976710655.000000	8.532303	34275	0.000000
281474976710655.000000	8.453199	34276	0.000000
281474976710655.000000	8.633466	34277	0.000000
281474976710655.000000	8.657625	34278	0.000000
281474976710655.000000	8.399846	34279	0.000000
281474976710655.000000	8.493189	34280	0.000000
281474976710655.000000	8.523697	34281	0.000000
281474976710655.000000	8.377287	34282	0.000000
