crossing time (s)	slope (V/s)	crossing number
281474976710655.000000	30.574514	31910	0.000000
281474976710655.000000	28.253143	31911	0.000000
281474976710655.000000	30.888937	31912	0.000000
281474976710655.000000	30.368034	31913	0.000000
281474976710655.000000	30.381020	31914	0.000000
281474976710655.000000	31.894892	31915	0.000000
281474976710655.000000	27.256124	31916	0.000000
281474976710655.000000	31.432751	31917	0.000000
281474976710655.000000	30.195492	31918	0.000000
281474976710655.000000	31.317661	31919	0.000000
281474976710655.000000	29.983313	31920	0.000000
281474976710655.000000	30.839087	31921	0.000000
281474976710655.000000	26.605429	31922	0.000000
281474976710655.000000	25.133381	31923	0.000000
281474976710655.000000	28.732134	31924	0.000000
281474976710655.000000	30.308241	31925	0.000000
281474976710655.000000	31.421799	31926	0.000000
281474976710655.000000	27.862730	31927	0.000000
281474976710655.000000	28.523560	31928	0.000000
281474976710655.000000	28.937382	31929	0.000000
281474976710655.000000	29.948473	31930	0.000000
281474976710655.000000	27.516209	31931	0.000000
281474976710655.000000	30.150757	31932	0.000000
281474976710655.000000	32.530682	31933	0.000000
281474976710655.000000	32.335876	31934	0.000000
281474976710655.000000	30.164616	31935	0.000000
281474976710655.000000	25.393984	31936	0.000000
281474976710655.000000	26.858425	31937	0.000000
281474976710655.000000	30.169256	31938	0.000000
281474976710655.000000	30.283066	31939	0.000000
281474976710655.000000	28.224741	31940	0.000000
281474976710655.000000	29.437162	31941	0.000000
281474976710655.000000	26.851831	31942	0.000000
281474976710655.000000	29.931499	31943	0.000000
281474976710655.000000	30.168550	31944	0.000000
281474976710655.000000	29.238806	31945	0.000000
281474976710655.000000	24.763874	31946	0.000000
281474976710655.000000	35.156311	31947	0.000000
281474976710655.000000	29.999313	31948	0.000000
281474976710655.000000	29.871836	31949	0.000000
281474976710655.000000	28.293812	31950	0.000000
281474976710655.000000	28.358166	31951	0.000000
281474976710655.000000	31.120142	31952	0.000000
281474976710655.000000	28.946033	31953	0.000000
281474976710655.000000	34.706432	31954	0.000000
281474976710655.000000	31.038462	31955	0.000000
281474976710655.000000	29.429728	31956	0.000000
281474976710655.000000	31.859833	31957	0.000000
281474976710655.000000	31.793182	31958	0.000000
281474976710655.000000	26.496260	31959	0.000000
281474976710655.000000	28.404716	31960	0.000000
281474976710655.000000	29.100363	31961	0.000000
281474976710655.000000	26.631289	31962	0.000000
281474976710655.000000	27.280767	31963	0.000000
281474976710655.000000	28.781334	31964	0.000000
281474976710655.000000	28.402216	31965	0.000000
281474976710655.000000	28.893824	31966	0.000000
281474976710655.000000	27.516809	31967	0.000000
281474976710655.000000	31.054316	31968	0.000000
281474976710655.000000	28.996275	31969	0.000000
281474976710655.000000	29.280233	31970	0.000000
281474976710655.000000	26.303226	31971	0.000000
281474976710655.000000	30.420929	31972	0.000000
281474976710655.000000	25.829618	31973	0.000000
281474976710655.000000	27.779924	31974	0.000000
281474976710655.000000	30.451321	31975	0.000000
281474976710655.000000	27.354662	31976	0.000000
281474976710655.000000	29.475861	31977	0.000000
281474976710655.000000	27.035202	31978	0.000000
281474976710655.000000	23.614990	31979	0.000000
281474976710655.000000	30.590614	31980	0.000000
281474976710655.000000	23.412493	31981	0.000000
281474976710655.000000	24.622231	31982	0.000000
281474976710655.000000	23.185522	31983	0.000000
281474976710655.000000	26.486485	31984	0.000000
281474976710655.000000	25.850597	31985	0.000000
281474976710655.000000	27.420494	31986	0.000000
281474976710655.000000	27.695354	31987	0.000000
281474976710655.000000	27.642591	31988	0.000000
281474976710655.000000	27.572823	31989	0.000000
281474976710655.000000	26.217203	31990	0.000000
281474976710655.000000	27.595821	31991	0.000000
281474976710655.000000	25.607523	31992	0.000000
281474976710655.000000	26.081251	31993	0.000000
281474976710655.000000	28.023254	31994	0.000000
281474976710655.000000	26.841328	31995	0.000000
281474976710655.000000	26.430685	31996	0.000000
281474976710655.000000	28.564859	31997	0.000000
281474976710655.000000	25.828615	31998	0.000000
281474976710655.000000	27.824247	31999	0.000000
281474976710655.000000	27.797537	32000	0.000000
281474976710655.000000	28.725538	32001	0.000000
281474976710655.000000	26.759150	32002	0.000000
281474976710655.000000	27.443470	32003	0.000000
281474976710655.000000	29.669613	32004	0.000000
281474976710655.000000	22.791971	32005	0.000000
281474976710655.000000	27.221291	32006	0.000000
281474976710655.000000	26.427988	32007	0.000000
281474976710655.000000	23.095778	32008	0.000000
281474976710655.000000	22.592379	32009	0.000000
281474976710655.000000	24.941921	32010	0.000000
281474976710655.000000	22.374771	32011	0.000000
281474976710655.000000	24.837736	32012	0.000000
281474976710655.000000	27.814152	32013	0.000000
281474976710655.000000	28.138697	32014	0.000000
281474976710655.000000	25.034172	32015	0.000000
281474976710655.000000	22.835329	32016	0.000000
281474976710655.000000	27.455484	32017	0.000000
281474976710655.000000	23.180964	32018	0.000000
281474976710655.000000	27.580818	32019	0.000000
281474976710655.000000	27.271603	32020	0.000000
281474976710655.000000	27.777227	32021	0.000000
281474976710655.000000	25.743532	32022	0.000000
281474976710655.000000	27.153008	32023	0.000000
281474976710655.000000	24.921730	32024	0.000000
281474976710655.000000	25.398298	32025	0.000000
281474976710655.000000	22.715643	32026	0.000000
281474976710655.000000	25.141031	32027	0.000000
281474976710655.000000	24.976091	32028	0.000000
281474976710655.000000	24.245193	32029	0.000000
281474976710655.000000	23.215736	32030	0.000000
281474976710655.000000	26.961077	32031	0.000000
281474976710655.000000	23.478764	32032	0.000000
281474976710655.000000	24.262993	32033	0.000000
281474976710655.000000	25.920895	32034	0.000000
281474976710655.000000	25.926029	32035	0.000000
281474976710655.000000	26.779819	32036	0.000000
281474976710655.000000	25.708466	32037	0.000000
281474976710655.000000	25.348488	32038	0.000000
281474976710655.000000	26.751627	32039	0.000000
281474976710655.000000	27.616560	32040	0.000000
281474976710655.000000	27.671013	32041	0.000000
281474976710655.000000	27.922508	32042	0.000000
281474976710655.000000	26.765568	32043	0.000000
281474976710655.000000	25.143089	32044	0.000000
281474976710655.000000	26.570368	32045	0.000000
281474976710655.000000	25.390415	32046	0.000000
281474976710655.000000	26.706299	32047	0.000000
281474976710655.000000	24.365396	32048	0.000000
281474976710655.000000	25.326099	32049	0.000000
281474976710655.000000	26.597694	32050	0.000000
281474976710655.000000	23.967196	32051	0.000000
281474976710655.000000	21.937687	32052	0.000000
281474976710655.000000	27.467983	32053	0.000000
281474976710655.000000	24.492159	32054	0.000000
281474976710655.000000	24.821260	32055	0.000000
281474976710655.000000	26.305948	32056	0.000000
281474976710655.000000	25.861128	32057	0.000000
281474976710655.000000	24.769669	32058	0.000000
281474976710655.000000	25.234539	32059	0.000000
281474976710655.000000	26.243069	32060	0.000000
281474976710655.000000	26.611570	32061	0.000000
281474976710655.000000	25.007286	32062	0.000000
281474976710655.000000	26.485575	32063	0.000000
281474976710655.000000	26.464388	32064	0.000000
281474976710655.000000	25.563046	32065	0.000000
281474976710655.000000	23.489609	32066	0.000000
281474976710655.000000	25.004942	32067	0.000000
281474976710655.000000	24.519831	32068	0.000000
281474976710655.000000	23.291306	32069	0.000000
281474976710655.000000	24.322529	32070	0.000000
281474976710655.000000	25.423542	32071	0.000000
281474976710655.000000	24.803022	32072	0.000000
281474976710655.000000	26.248194	32073	0.000000
281474976710655.000000	24.207047	32074	0.000000
281474976710655.000000	25.574793	32075	0.000000
281474976710655.000000	24.980055	32076	0.000000
281474976710655.000000	23.635756	32077	0.000000
281474976710655.000000	21.983749	32078	0.000000
281474976710655.000000	26.995422	32079	0.000000
281474976710655.000000	24.831022	32080	0.000000
281474976710655.000000	25.069635	32081	0.000000
281474976710655.000000	24.550428	32082	0.000000
281474976710655.000000	26.744558	32083	0.000000
281474976710655.000000	24.255798	32084	0.000000
281474976710655.000000	26.521854	32085	0.000000
281474976710655.000000	26.193153	32086	0.000000
281474976710655.000000	26.202953	32087	0.000000
281474976710655.000000	26.760126	32088	0.000000
281474976710655.000000	22.485407	32089	0.000000
281474976710655.000000	23.106766	32090	0.000000
281474976710655.000000	24.662266	32091	0.000000
281474976710655.000000	23.393959	32092	0.000000
281474976710655.000000	26.745871	32093	0.000000
281474976710655.000000	25.082996	32094	0.000000
281474976710655.000000	23.485607	32095	0.000000
281474976710655.000000	22.164032	32096	0.000000
281474976710655.000000	23.989079	32097	0.000000
281474976710655.000000	23.359230	32098	0.000000
281474976710655.000000	25.900734	32099	0.000000
281474976710655.000000	22.559326	32100	0.000000
281474976710655.000000	25.146629	32101	0.000000
281474976710655.000000	22.900288	32102	0.000000
281474976710655.000000	24.720514	32103	0.000000
281474976710655.000000	25.203009	32104	0.000000
281474976710655.000000	22.804863	32105	0.000000
281474976710655.000000	25.047150	32106	0.000000
281474976710655.000000	23.101940	32107	0.000000
281474976710655.000000	22.577812	32108	0.000000
281474976710655.000000	23.738073	32109	0.000000
281474976710655.000000	25.767391	32110	0.000000
281474976710655.000000	23.646967	32111	0.000000
281474976710655.000000	22.446198	32112	0.000000
281474976710655.000000	22.195110	32113	0.000000
281474976710655.000000	22.842823	32114	0.000000
281474976710655.000000	23.494177	32115	0.000000
281474976710655.000000	24.110548	32116	0.000000
281474976710655.000000	23.260801	32117	0.000000
281474976710655.000000	23.906836	32118	0.000000
281474976710655.000000	23.056839	32119	0.000000
281474976710655.000000	23.458132	32120	0.000000
281474976710655.000000	22.617264	32121	0.000000
281474976710655.000000	22.441576	32122	0.000000
281474976710655.000000	22.371521	32123	0.000000
281474976710655.000000	24.418659	32124	0.000000
281474976710655.000000	22.260359	32125	0.000000
281474976710655.000000	22.468100	32126	0.000000
281474976710655.000000	22.123226	32127	0.000000
281474976710655.000000	23.917574	32128	0.000000
281474976710655.000000	23.217484	32129	0.000000
281474976710655.000000	23.437571	32130	0.000000
281474976710655.000000	22.292997	32131	0.000000
281474976710655.000000	22.563965	32132	0.000000
281474976710655.000000	22.199400	32133	0.000000
281474976710655.000000	23.502806	32134	0.000000
281474976710655.000000	21.946096	32135	0.000000
281474976710655.000000	23.126999	32136	0.000000
281474976710655.000000	22.661783	32137	0.000000
281474976710655.000000	24.545172	32138	0.000000
281474976710655.000000	22.974646	32139	0.000000
281474976710655.000000	22.805964	32140	0.000000
281474976710655.000000	23.262157	32141	0.000000
281474976710655.000000	21.762300	32142	0.000000
281474976710655.000000	21.448366	32143	0.000000
281474976710655.000000	24.662376	32144	0.000000
281474976710655.000000	22.192011	32145	0.000000
281474976710655.000000	22.124857	32146	0.000000
281474976710655.000000	21.901506	32147	0.000000
281474976710655.000000	22.144232	32148	0.000000
281474976710655.000000	23.024860	32149	0.000000
281474976710655.000000	21.761543	32150	0.000000
281474976710655.000000	23.016142	32151	0.000000
281474976710655.000000	23.306997	32152	0.000000
281474976710655.000000	21.797718	32153	0.000000
281474976710655.000000	22.175282	32154	0.000000
281474976710655.000000	21.311699	32155	0.000000
281474976710655.000000	23.343576	32156	0.000000
281474976710655.000000	22.352180	32157	0.000000
281474976710655.000000	22.474426	32158	0.000000
281474976710655.000000	22.831984	32159	0.000000
281474976710655.000000	21.223450	32160	0.000000
281474976710655.000000	21.115316	32161	0.000000
281474976710655.000000	22.884804	32162	0.000000
281474976710655.000000	21.878462	32163	0.000000
281474976710655.000000	24.693661	32164	0.000000
281474976710655.000000	20.389402	32165	0.000000
281474976710655.000000	21.792131	32166	0.000000
281474976710655.000000	24.328398	32167	0.000000
281474976710655.000000	22.206142	32168	0.000000
281474976710655.000000	22.205572	32169	0.000000
281474976710655.000000	23.648149	32170	0.000000
281474976710655.000000	21.666447	32171	0.000000
281474976710655.000000	22.996279	32172	0.000000
281474976710655.000000	22.924576	32173	0.000000
281474976710655.000000	22.839552	32174	0.000000
281474976710655.000000	21.521357	32175	0.000000
281474976710655.000000	22.633291	32176	0.000000
281474976710655.000000	22.236786	32177	0.000000
281474976710655.000000	23.080856	32178	0.000000
281474976710655.000000	21.688122	32179	0.000000
281474976710655.000000	21.891720	32180	0.000000
281474976710655.000000	21.683294	32181	0.000000
281474976710655.000000	20.464184	32182	0.000000
281474976710655.000000	20.242346	32183	0.000000
281474976710655.000000	22.969770	32184	0.000000
281474976710655.000000	20.130945	32185	0.000000
281474976710655.000000	21.706789	32186	0.000000
281474976710655.000000	21.425056	32187	0.000000
281474976710655.000000	24.028898	32188	0.000000
281474976710655.000000	21.314602	32189	0.000000
281474976710655.000000	20.746557	32190	0.000000
281474976710655.000000	20.171259	32191	0.000000
281474976710655.000000	23.787668	32192	0.000000
281474976710655.000000	20.976337	32193	0.000000
281474976710655.000000	21.881685	32194	0.000000
281474976710655.000000	20.153561	32195	0.000000
281474976710655.000000	22.023703	32196	0.000000
281474976710655.000000	21.107895	32197	0.000000
281474976710655.000000	21.717978	32198	0.000000
281474976710655.000000	21.362135	32199	0.000000
281474976710655.000000	21.712400	32200	0.000000
281474976710655.000000	21.580118	32201	0.000000
281474976710655.000000	21.686285	32202	0.000000
281474976710655.000000	22.285711	32203	0.000000
281474976710655.000000	21.660583	32204	0.000000
281474976710655.000000	21.831354	32205	0.000000
281474976710655.000000	20.947208	32206	0.000000
281474976710655.000000	19.928377	32207	0.000000
281474976710655.000000	20.556231	32208	0.000000
281474976710655.000000	21.102802	32209	0.000000
281474976710655.000000	21.182673	32210	0.000000
281474976710655.000000	20.838552	32211	0.000000
281474976710655.000000	20.241529	32212	0.000000
281474976710655.000000	21.548258	32213	0.000000
281474976710655.000000	20.473246	32214	0.000000
281474976710655.000000	22.791899	32215	0.000000
281474976710655.000000	20.893230	32216	0.000000
281474976710655.000000	21.574659	32217	0.000000
281474976710655.000000	21.104742	32218	0.000000
281474976710655.000000	21.310770	32219	0.000000
281474976710655.000000	21.143711	32220	0.000000
281474976710655.000000	20.460457	32221	0.000000
281474976710655.000000	21.347834	32222	0.000000
281474976710655.000000	21.255880	32223	0.000000
281474976710655.000000	20.326044	32224	0.000000
281474976710655.000000	20.956694	32225	0.000000
281474976710655.000000	22.227800	32226	0.000000
281474976710655.000000	20.558273	32227	0.000000
281474976710655.000000	21.184259	32228	0.000000
281474976710655.000000	20.751883	32229	0.000000
281474976710655.000000	21.342947	32230	0.000000
281474976710655.000000	20.701395	32231	0.000000
281474976710655.000000	20.450201	32232	0.000000
281474976710655.000000	19.670967	32233	0.000000
281474976710655.000000	21.050369	32234	0.000000
281474976710655.000000	19.982836	32235	0.000000
281474976710655.000000	20.853483	32236	0.000000
281474976710655.000000	20.256905	32237	0.000000
281474976710655.000000	22.441118	32238	0.000000
281474976710655.000000	20.304865	32239	0.000000
281474976710655.000000	21.632105	32240	0.000000
281474976710655.000000	19.806131	32241	0.000000
281474976710655.000000	20.851538	32242	0.000000
281474976710655.000000	19.116768	32243	0.000000
281474976710655.000000	21.352028	32244	0.000000
281474976710655.000000	19.642921	32245	0.000000
281474976710655.000000	20.553175	32246	0.000000
281474976710655.000000	19.403793	32247	0.000000
281474976710655.000000	20.409649	32248	0.000000
281474976710655.000000	19.564363	32249	0.000000
281474976710655.000000	21.036102	32250	0.000000
281474976710655.000000	18.637770	32251	0.000000
281474976710655.000000	21.313034	32252	0.000000
281474976710655.000000	20.030285	32253	0.000000
281474976710655.000000	18.761015	32254	0.000000
281474976710655.000000	19.973124	32255	0.000000
281474976710655.000000	20.593309	32256	0.000000
281474976710655.000000	18.383518	32257	0.000000
281474976710655.000000	20.322491	32258	0.000000
281474976710655.000000	20.056082	32259	0.000000
281474976710655.000000	19.727724	32260	0.000000
281474976710655.000000	20.525080	32261	0.000000
281474976710655.000000	19.608482	32262	0.000000
281474976710655.000000	19.951643	32263	0.000000
281474976710655.000000	19.863380	32264	0.000000
281474976710655.000000	19.852100	32265	0.000000
281474976710655.000000	19.544617	32266	0.000000
281474976710655.000000	19.383627	32267	0.000000
281474976710655.000000	18.128557	32268	0.000000
281474976710655.000000	20.004339	32269	0.000000
281474976710655.000000	19.750570	32270	0.000000
281474976710655.000000	18.071390	32271	0.000000
281474976710655.000000	19.535397	32272	0.000000
281474976710655.000000	19.218664	32273	0.000000
281474976710655.000000	19.473972	32274	0.000000
281474976710655.000000	21.369246	32275	0.000000
281474976710655.000000	21.137123	32276	0.000000
281474976710655.000000	19.307077	32277	0.000000
281474976710655.000000	20.638798	32278	0.000000
281474976710655.000000	19.478298	32279	0.000000
281474976710655.000000	20.481110	32280	0.000000
281474976710655.000000	19.661146	32281	0.000000
281474976710655.000000	20.628130	32282	0.000000
281474976710655.000000	20.539820	32283	0.000000
281474976710655.000000	19.023558	32284	0.000000
281474976710655.000000	18.597767	32285	0.000000
281474976710655.000000	21.080746	32286	0.000000
281474976710655.000000	19.798277	32287	0.000000
281474976710655.000000	19.817616	32288	0.000000
281474976710655.000000	18.002211	32289	0.000000
281474976710655.000000	21.135532	32290	0.000000
281474976710655.000000	19.312563	32291	0.000000
281474976710655.000000	19.563311	32292	0.000000
281474976710655.000000	19.032484	32293	0.000000
281474976710655.000000	19.765865	32294	0.000000
281474976710655.000000	18.594614	32295	0.000000
281474976710655.000000	19.576027	32296	0.000000
281474976710655.000000	17.793333	32297	0.000000
281474976710655.000000	19.285139	32298	0.000000
281474976710655.000000	18.773024	32299	0.000000
281474976710655.000000	18.227369	32300	0.000000
281474976710655.000000	19.414240	32301	0.000000
281474976710655.000000	20.075617	32302	0.000000
281474976710655.000000	18.901241	32303	0.000000
281474976710655.000000	18.683516	32304	0.000000
281474976710655.000000	19.919840	32305	0.000000
281474976710655.000000	19.396812	32306	0.000000
281474976710655.000000	20.445345	32307	0.000000
281474976710655.000000	19.012083	32308	0.000000
281474976710655.000000	18.817736	32309	0.000000
281474976710655.000000	18.787603	32310	0.000000
281474976710655.000000	18.706905	32311	0.000000
281474976710655.000000	18.066357	32312	0.000000
281474976710655.000000	18.751143	32313	0.000000
281474976710655.000000	19.732264	32314	0.000000
281474976710655.000000	18.523056	32315	0.000000
281474976710655.000000	19.084387	32316	0.000000
281474976710655.000000	17.936998	32317	0.000000
281474976710655.000000	20.392302	32318	0.000000
281474976710655.000000	18.099731	32319	0.000000
281474976710655.000000	19.052301	32320	0.000000
281474976710655.000000	19.469387	32321	0.000000
281474976710655.000000	17.854820	32322	0.000000
281474976710655.000000	17.991653	32323	0.000000
281474976710655.000000	17.865564	32324	0.000000
281474976710655.000000	18.557398	32325	0.000000
281474976710655.000000	18.021297	32326	0.000000
281474976710655.000000	18.406601	32327	0.000000
281474976710655.000000	18.601360	32328	0.000000
281474976710655.000000	18.574202	32329	0.000000
281474976710655.000000	19.014982	32330	0.000000
281474976710655.000000	18.576279	32331	0.000000
281474976710655.000000	17.386402	32332	0.000000
281474976710655.000000	18.565384	32333	0.000000
281474976710655.000000	18.698256	32334	0.000000
281474976710655.000000	18.515072	32335	0.000000
281474976710655.000000	19.081869	32336	0.000000
281474976710655.000000	18.479116	32337	0.000000
281474976710655.000000	18.134392	32338	0.000000
281474976710655.000000	17.782547	32339	0.000000
281474976710655.000000	19.206203	32340	0.000000
281474976710655.000000	18.171383	32341	0.000000
281474976710655.000000	18.615265	32342	0.000000
281474976710655.000000	18.102909	32343	0.000000
281474976710655.000000	18.531086	32344	0.000000
281474976710655.000000	17.452854	32345	0.000000
281474976710655.000000	19.029161	32346	0.000000
281474976710655.000000	18.076796	32347	0.000000
281474976710655.000000	17.729067	32348	0.000000
281474976710655.000000	17.684128	32349	0.000000
281474976710655.000000	17.825397	32350	0.000000
281474976710655.000000	18.812481	32351	0.000000
281474976710655.000000	17.955931	32352	0.000000
281474976710655.000000	18.338905	32353	0.000000
281474976710655.000000	17.730993	32354	0.000000
281474976710655.000000	17.469021	32355	0.000000
281474976710655.000000	18.247568	32356	0.000000
281474976710655.000000	17.076971	32357	0.000000
281474976710655.000000	19.079422	32358	0.000000
281474976710655.000000	18.028740	32359	0.000000
281474976710655.000000	18.638191	32360	0.000000
281474976710655.000000	17.070518	32361	0.000000
281474976710655.000000	17.694796	32362	0.000000
281474976710655.000000	17.580748	32363	0.000000
281474976710655.000000	18.477407	32364	0.000000
281474976710655.000000	17.786835	32365	0.000000
281474976710655.000000	17.270493	32366	0.000000
281474976710655.000000	17.388777	32367	0.000000
281474976710655.000000	17.445948	32368	0.000000
281474976710655.000000	17.441557	32369	0.000000
281474976710655.000000	17.686203	32370	0.000000
281474976710655.000000	17.086966	32371	0.000000
281474976710655.000000	17.364540	32372	0.000000
281474976710655.000000	17.141825	32373	0.000000
281474976710655.000000	17.238314	32374	0.000000
281474976710655.000000	17.384436	32375	0.000000
281474976710655.000000	17.455265	32376	0.000000
281474976710655.000000	16.903749	32377	0.000000
281474976710655.000000	17.412119	32378	0.000000
281474976710655.000000	16.765289	32379	0.000000
281474976710655.000000	16.703272	32380	0.000000
281474976710655.000000	17.214666	32381	0.000000
281474976710655.000000	17.593763	32382	0.000000
281474976710655.000000	17.129549	32383	0.000000
281474976710655.000000	17.519463	32384	0.000000
281474976710655.000000	16.998611	32385	0.000000
281474976710655.000000	17.242134	32386	0.000000
281474976710655.000000	17.173630	32387	0.000000
281474976710655.000000	16.517637	32388	0.000000
281474976710655.000000	17.788162	32389	0.000000
281474976710655.000000	17.800413	32390	0.000000
281474976710655.000000	17.602823	32391	0.000000
281474976710655.000000	17.062799	32392	0.000000
281474976710655.000000	16.465733	32393	0.000000
281474976710655.000000	16.471361	32394	0.000000
281474976710655.000000	17.402243	32395	0.000000
281474976710655.000000	16.945320	32396	0.000000
281474976710655.000000	16.737099	32397	0.000000
281474976710655.000000	16.669685	32398	0.000000
281474976710655.000000	16.441404	32399	0.000000
281474976710655.000000	17.087175	32400	0.000000
281474976710655.000000	16.695995	32401	0.000000
281474976710655.000000	17.365278	32402	0.000000
281474976710655.000000	15.849879	32403	0.000000
281474976710655.000000	17.325975	32404	0.000000
281474976710655.000000	16.017218	32405	0.000000
281474976710655.000000	17.270170	32406	0.000000
281474976710655.000000	16.135691	32407	0.000000
281474976710655.000000	16.805786	32408	0.000000
281474976710655.000000	16.191902	32409	0.000000
281474976710655.000000	17.294708	32410	0.000000
281474976710655.000000	15.956963	32411	0.000000
281474976710655.000000	16.835854	32412	0.000000
281474976710655.000000	17.162670	32413	0.000000
281474976710655.000000	17.003378	32414	0.000000
281474976710655.000000	15.909550	32415	0.000000
281474976710655.000000	17.241596	32416	0.000000
281474976710655.000000	16.269320	32417	0.000000
281474976710655.000000	16.815720	32418	0.000000
281474976710655.000000	15.993137	32419	0.000000
281474976710655.000000	17.396818	32420	0.000000
281474976710655.000000	16.005789	32421	0.000000
281474976710655.000000	16.385624	32422	0.000000
281474976710655.000000	15.915897	32423	0.000000
281474976710655.000000	16.426977	32424	0.000000
281474976710655.000000	15.745625	32425	0.000000
281474976710655.000000	16.694849	32426	0.000000
281474976710655.000000	16.350731	32427	0.000000
281474976710655.000000	16.407076	32428	0.000000
281474976710655.000000	16.290758	32429	0.000000
281474976710655.000000	15.958963	32430	0.000000
281474976710655.000000	15.894477	32431	0.000000
281474976710655.000000	16.757666	32432	0.000000
281474976710655.000000	16.206329	32433	0.000000
281474976710655.000000	16.331450	32434	0.000000
281474976710655.000000	16.046679	32435	0.000000
281474976710655.000000	15.352001	32436	0.000000
281474976710655.000000	15.609411	32437	0.000000
281474976710655.000000	16.045788	32438	0.000000
281474976710655.000000	15.597493	32439	0.000000
281474976710655.000000	16.453848	32440	0.000000
281474976710655.000000	15.630002	32441	0.000000
281474976710655.000000	16.515293	32442	0.000000
281474976710655.000000	15.918718	32443	0.000000
281474976710655.000000	16.225145	32444	0.000000
281474976710655.000000	15.522337	32445	0.000000
281474976710655.000000	15.800425	32446	0.000000
281474976710655.000000	16.065857	32447	0.000000
281474976710655.000000	16.745926	32448	0.000000
281474976710655.000000	15.610886	32449	0.000000
281474976710655.000000	15.645051	32450	0.000000
281474976710655.000000	15.084579	32451	0.000000
281474976710655.000000	15.745280	32452	0.000000
281474976710655.000000	16.126678	32453	0.000000
281474976710655.000000	15.088985	32454	0.000000
281474976710655.000000	15.315762	32455	0.000000
281474976710655.000000	16.334021	32456	0.000000
281474976710655.000000	15.620017	32457	0.000000
281474976710655.000000	16.083385	32458	0.000000
281474976710655.000000	15.229421	32459	0.000000
281474976710655.000000	15.471395	32460	0.000000
281474976710655.000000	15.585500	32461	0.000000
281474976710655.000000	15.689662	32462	0.000000
281474976710655.000000	15.429287	32463	0.000000
281474976710655.000000	15.983066	32464	0.000000
281474976710655.000000	14.989563	32465	0.000000
281474976710655.000000	15.461935	32466	0.000000
281474976710655.000000	14.923586	32467	0.000000
281474976710655.000000	15.243240	32468	0.000000
281474976710655.000000	15.355608	32469	0.000000
281474976710655.000000	14.851446	32470	0.000000
281474976710655.000000	15.674031	32471	0.000000
281474976710655.000000	15.546697	32472	0.000000
281474976710655.000000	15.601089	32473	0.000000
281474976710655.000000	15.362238	32474	0.000000
281474976710655.000000	15.135233	32475	0.000000
281474976710655.000000	14.865144	32476	0.000000
281474976710655.000000	15.453877	32477	0.000000
281474976710655.000000	16.232161	32478	0.000000
281474976710655.000000	15.631899	32479	0.000000
281474976710655.000000	15.785330	32480	0.000000
281474976710655.000000	14.674338	32481	0.000000
281474976710655.000000	15.204282	32482	0.000000
281474976710655.000000	14.678102	32483	0.000000
281474976710655.000000	15.259765	32484	0.000000
281474976710655.000000	15.438153	32485	0.000000
281474976710655.000000	14.760529	32486	0.000000
281474976710655.000000	15.260926	32487	0.000000
281474976710655.000000	14.600763	32488	0.000000
281474976710655.000000	14.800878	32489	0.000000
281474976710655.000000	14.912065	32490	0.000000
281474976710655.000000	14.461567	32491	0.000000
281474976710655.000000	15.123143	32492	0.000000
281474976710655.000000	14.381775	32493	0.000000
281474976710655.000000	15.541104	32494	0.000000
281474976710655.000000	14.472326	32495	0.000000
281474976710655.000000	14.524016	32496	0.000000
281474976710655.000000	15.446321	32497	0.000000
281474976710655.000000	14.499990	32498	0.000000
281474976710655.000000	14.211711	32499	0.000000
281474976710655.000000	14.693628	32500	0.000000
281474976710655.000000	15.408771	32501	0.000000
281474976710655.000000	14.859244	32502	0.000000
281474976710655.000000	14.544703	32503	0.000000
281474976710655.000000	14.239197	32504	0.000000
281474976710655.000000	13.957561	32505	0.000000
281474976710655.000000	15.173993	32506	0.000000
281474976710655.000000	14.620255	32507	0.000000
281474976710655.000000	14.583733	32508	0.000000
281474976710655.000000	14.091436	32509	0.000000
281474976710655.000000	15.150396	32510	0.000000
281474976710655.000000	14.057883	32511	0.000000
281474976710655.000000	15.289816	32512	0.000000
281474976710655.000000	14.390610	32513	0.000000
281474976710655.000000	14.925361	32514	0.000000
281474976710655.000000	13.780020	32515	0.000000
281474976710655.000000	14.422756	32516	0.000000
281474976710655.000000	14.255177	32517	0.000000
281474976710655.000000	14.208600	32518	0.000000
281474976710655.000000	14.532948	32519	0.000000
281474976710655.000000	14.421097	32520	0.000000
281474976710655.000000	14.342665	32521	0.000000
281474976710655.000000	14.676346	32522	0.000000
281474976710655.000000	13.654773	32523	0.000000
281474976710655.000000	14.475121	32524	0.000000
281474976710655.000000	13.785387	32525	0.000000
281474976710655.000000	15.505427	32526	0.000000
281474976710655.000000	14.643476	32527	0.000000
281474976710655.000000	13.627466	32528	0.000000
281474976710655.000000	14.048800	32529	0.000000
281474976710655.000000	14.378411	32530	0.000000
281474976710655.000000	14.197287	32531	0.000000
281474976710655.000000	14.667158	32532	0.000000
281474976710655.000000	14.788492	32533	0.000000
281474976710655.000000	14.412573	32534	0.000000
281474976710655.000000	14.722497	32535	0.000000
281474976710655.000000	14.774775	32536	0.000000
281474976710655.000000	13.697337	32537	0.000000
281474976710655.000000	13.490123	32538	0.000000
281474976710655.000000	13.781593	32539	0.000000
281474976710655.000000	14.908192	32540	0.000000
281474976710655.000000	13.399140	32541	0.000000
281474976710655.000000	14.284021	32542	0.000000
281474976710655.000000	13.675803	32543	0.000000
281474976710655.000000	13.615551	32544	0.000000
281474976710655.000000	13.520716	32545	0.000000
281474976710655.000000	14.019041	32546	0.000000
281474976710655.000000	13.284065	32547	0.000000
281474976710655.000000	13.072805	32548	0.000000
281474976710655.000000	13.661624	32549	0.000000
281474976710655.000000	13.306462	32550	0.000000
281474976710655.000000	13.870509	32551	0.000000
281474976710655.000000	14.332606	32552	0.000000
281474976710655.000000	13.785633	32553	0.000000
281474976710655.000000	14.474092	32554	0.000000
281474976710655.000000	13.661970	32555	0.000000
281474976710655.000000	13.423374	32556	0.000000
281474976710655.000000	13.336246	32557	0.000000
281474976710655.000000	13.373480	32558	0.000000
281474976710655.000000	13.116444	32559	0.000000
281474976710655.000000	13.540042	32560	0.000000
281474976710655.000000	13.644438	32561	0.000000
281474976710655.000000	14.110007	32562	0.000000
281474976710655.000000	13.098163	32563	0.000000
281474976710655.000000	13.355555	32564	0.000000
281474976710655.000000	13.396960	32565	0.000000
281474976710655.000000	13.681790	32566	0.000000
281474976710655.000000	13.290660	32567	0.000000
281474976710655.000000	13.443592	32568	0.000000
281474976710655.000000	13.162053	32569	0.000000
281474976710655.000000	13.396876	32570	0.000000
281474976710655.000000	12.690820	32571	0.000000
281474976710655.000000	13.350915	32572	0.000000
281474976710655.000000	13.066884	32573	0.000000
281474976710655.000000	13.564478	32574	0.000000
281474976710655.000000	13.044567	32575	0.000000
281474976710655.000000	13.169019	32576	0.000000
281474976710655.000000	12.689850	32577	0.000000
281474976710655.000000	13.268105	32578	0.000000
281474976710655.000000	13.684373	32579	0.000000
281474976710655.000000	13.223300	32580	0.000000
281474976710655.000000	12.809822	32581	0.000000
281474976710655.000000	13.236663	32582	0.000000
281474976710655.000000	13.021248	32583	0.000000
281474976710655.000000	13.142157	32584	0.000000
281474976710655.000000	12.857214	32585	0.000000
281474976710655.000000	13.525537	32586	0.000000
281474976710655.000000	12.631639	32587	0.000000
281474976710655.000000	13.667597	32588	0.000000
281474976710655.000000	13.254762	32589	0.000000
281474976710655.000000	13.032297	32590	0.000000
281474976710655.000000	12.784903	32591	0.000000
281474976710655.000000	13.208755	32592	0.000000
281474976710655.000000	13.077914	32593	0.000000
281474976710655.000000	12.618972	32594	0.000000
281474976710655.000000	13.685213	32595	0.000000
281474976710655.000000	12.920661	32596	0.000000
281474976710655.000000	12.674135	32597	0.000000
281474976710655.000000	13.354668	32598	0.000000
281474976710655.000000	13.007371	32599	0.000000
281474976710655.000000	12.714190	32600	0.000000
281474976710655.000000	12.842402	32601	0.000000
281474976710655.000000	12.771621	32602	0.000000
281474976710655.000000	12.564651	32603	0.000000
281474976710655.000000	12.509035	32604	0.000000
281474976710655.000000	12.692140	32605	0.000000
281474976710655.000000	13.011035	32606	0.000000
281474976710655.000000	12.338072	32607	0.000000
281474976710655.000000	12.598189	32608	0.000000
281474976710655.000000	13.244494	32609	0.000000
281474976710655.000000	12.667690	32610	0.000000
281474976710655.000000	12.893358	32611	0.000000
281474976710655.000000	13.069194	32612	0.000000
281474976710655.000000	12.365374	32613	0.000000
281474976710655.000000	13.111507	32614	0.000000
281474976710655.000000	13.084371	32615	0.000000
281474976710655.000000	13.224708	32616	0.000000
281474976710655.000000	12.577425	32617	0.000000
281474976710655.000000	12.868053	32618	0.000000
281474976710655.000000	12.441458	32619	0.000000
281474976710655.000000	12.604502	32620	0.000000
281474976710655.000000	12.573947	32621	0.000000
281474976710655.000000	12.392300	32622	0.000000
281474976710655.000000	12.201072	32623	0.000000
281474976710655.000000	12.752316	32624	0.000000
281474976710655.000000	12.508352	32625	0.000000
281474976710655.000000	13.298409	32626	0.000000
281474976710655.000000	12.077366	32627	0.000000
281474976710655.000000	12.280171	32628	0.000000
281474976710655.000000	12.209741	32629	0.000000
281474976710655.000000	12.757900	32630	0.000000
281474976710655.000000	11.966557	32631	0.000000
281474976710655.000000	12.700369	32632	0.000000
281474976710655.000000	12.400440	32633	0.000000
281474976710655.000000	12.147897	32634	0.000000
281474976710655.000000	11.949966	32635	0.000000
281474976710655.000000	12.033991	32636	0.000000
281474976710655.000000	11.782582	32637	0.000000
281474976710655.000000	12.343061	32638	0.000000
281474976710655.000000	12.355475	32639	0.000000
281474976710655.000000	12.056090	32640	0.000000
281474976710655.000000	11.796388	32641	0.000000
281474976710655.000000	12.636463	32642	0.000000
281474976710655.000000	12.090426	32643	0.000000
281474976710655.000000	12.057309	32644	0.000000
281474976710655.000000	11.971265	32645	0.000000
281474976710655.000000	11.775797	32646	0.000000
281474976710655.000000	11.871249	32647	0.000000
281474976710655.000000	12.361895	32648	0.000000
281474976710655.000000	12.024635	32649	0.000000
281474976710655.000000	12.148535	32650	0.000000
281474976710655.000000	12.084018	32651	0.000000
281474976710655.000000	11.877916	32652	0.000000
281474976710655.000000	12.350660	32653	0.000000
281474976710655.000000	11.478005	32654	0.000000
281474976710655.000000	11.656867	32655	0.000000
281474976710655.000000	11.510859	32656	0.000000
281474976710655.000000	12.006327	32657	0.000000
281474976710655.000000	11.612381	32658	0.000000
281474976710655.000000	12.257293	32659	0.000000
281474976710655.000000	11.919374	32660	0.000000
281474976710655.000000	11.315931	32661	0.000000
281474976710655.000000	11.912057	32662	0.000000
281474976710655.000000	11.650372	32663	0.000000
281474976710655.000000	11.305546	32664	0.000000
281474976710655.000000	11.406499	32665	0.000000
281474976710655.000000	11.710375	32666	0.000000
281474976710655.000000	11.483948	32667	0.000000
281474976710655.000000	11.790896	32668	0.000000
281474976710655.000000	11.665004	32669	0.000000
281474976710655.000000	11.657983	32670	0.000000
281474976710655.000000	11.585806	32671	0.000000
281474976710655.000000	11.620298	32672	0.000000
281474976710655.000000	11.341208	32673	0.000000
281474976710655.000000	11.606690	32674	0.000000
281474976710655.000000	11.854809	32675	0.000000
281474976710655.000000	11.626513	32676	0.000000
281474976710655.000000	11.254449	32677	0.000000
281474976710655.000000	11.333322	32678	0.000000
281474976710655.000000	11.490434	32679	0.000000
281474976710655.000000	11.739314	32680	0.000000
281474976710655.000000	11.033616	32681	0.000000
281474976710655.000000	11.586730	32682	0.000000
281474976710655.000000	11.679878	32683	0.000000
281474976710655.000000	11.395977	32684	0.000000
281474976710655.000000	11.492711	32685	0.000000
281474976710655.000000	11.404480	32686	0.000000
281474976710655.000000	11.365568	32687	0.000000
281474976710655.000000	11.505035	32688	0.000000
281474976710655.000000	11.456930	32689	0.000000
281474976710655.000000	11.465246	32690	0.000000
281474976710655.000000	11.017316	32691	0.000000
281474976710655.000000	11.427456	32692	0.000000
281474976710655.000000	10.987872	32693	0.000000
281474976710655.000000	11.364415	32694	0.000000
281474976710655.000000	11.184429	32695	0.000000
281474976710655.000000	11.498625	32696	0.000000
281474976710655.000000	11.332794	32697	0.000000
281474976710655.000000	11.796696	32698	0.000000
281474976710655.000000	11.223069	32699	0.000000
281474976710655.000000	11.400510	32700	0.000000
281474976710655.000000	11.019812	32701	0.000000
281474976710655.000000	11.259468	32702	0.000000
281474976710655.000000	11.068136	32703	0.000000
281474976710655.000000	11.238320	32704	0.000000
281474976710655.000000	10.989292	32705	0.000000
281474976710655.000000	11.291498	32706	0.000000
281474976710655.000000	11.093706	32707	0.000000
281474976710655.000000	10.814091	32708	0.000000
281474976710655.000000	10.532504	32709	0.000000
281474976710655.000000	11.399544	32710	0.000000
281474976710655.000000	11.075071	32711	0.000000
281474976710655.000000	10.818046	32712	0.000000
281474976710655.000000	10.722442	32713	0.000000
281474976710655.000000	11.284988	32714	0.000000
281474976710655.000000	11.251424	32715	0.000000
281474976710655.000000	11.049371	32716	0.000000
281474976710655.000000	10.615792	32717	0.000000
281474976710655.000000	10.624862	32718	0.000000
281474976710655.000000	10.976521	32719	0.000000
281474976710655.000000	11.069340	32720	0.000000
281474976710655.000000	10.679312	32721	0.000000
281474976710655.000000	10.936732	32722	0.000000
281474976710655.000000	10.938430	32723	0.000000
281474976710655.000000	11.053064	32724	0.000000
281474976710655.000000	10.750887	32725	0.000000
281474976710655.000000	10.813773	32726	0.000000
281474976710655.000000	10.648713	32727	0.000000
281474976710655.000000	10.771560	32728	0.000000
281474976710655.000000	11.006291	32729	0.000000
281474976710655.000000	11.385060	32730	0.000000
281474976710655.000000	10.892630	32731	0.000000
281474976710655.000000	10.769930	32732	0.000000
281474976710655.000000	10.595607	32733	0.000000
281474976710655.000000	10.646093	32734	0.000000
281474976710655.000000	10.594541	32735	0.000000
281474976710655.000000	10.686840	32736	0.000000
281474976710655.000000	10.659724	32737	0.000000
281474976710655.000000	10.777959	32738	0.000000
281474976710655.000000	10.537681	32739	0.000000
281474976710655.000000	11.046378	32740	0.000000
281474976710655.000000	10.514033	32741	0.000000
281474976710655.000000	10.589050	32742	0.000000
281474976710655.000000	10.314207	32743	0.000000
281474976710655.000000	11.138196	32744	0.000000
281474976710655.000000	10.508293	32745	0.000000
281474976710655.000000	10.659750	32746	0.000000
281474976710655.000000	10.338199	32747	0.000000
281474976710655.000000	10.355638	32748	0.000000
281474976710655.000000	10.369078	32749	0.000000
281474976710655.000000	10.538180	32750	0.000000
281474976710655.000000	10.509287	32751	0.000000
281474976710655.000000	10.648758	32752	0.000000
281474976710655.000000	10.538571	32753	0.000000
281474976710655.000000	10.607867	32754	0.000000
281474976710655.000000	10.408091	32755	0.000000
281474976710655.000000	10.542495	32756	0.000000
281474976710655.000000	10.315232	32757	0.000000
281474976710655.000000	10.399555	32758	0.000000
281474976710655.000000	10.123756	32759	0.000000
281474976710655.000000	10.362009	32760	0.000000
281474976710655.000000	10.224732	32761	0.000000
281474976710655.000000	10.276707	32762	0.000000
281474976710655.000000	10.076464	32763	0.000000
281474976710655.000000	10.254459	32764	0.000000
281474976710655.000000	10.503830	32765	0.000000
281474976710655.000000	10.223463	32766	0.000000
281474976710655.000000	10.270725	32767	0.000000
281474976710655.000000	10.238605	32768	0.000000
281474976710655.000000	10.291627	32769	0.000000
281474976710655.000000	10.331595	32770	0.000000
281474976710655.000000	10.295806	32771	0.000000
281474976710655.000000	10.200532	32772	0.000000
281474976710655.000000	9.966084	32773	0.000000
281474976710655.000000	10.420284	32774	0.000000
281474976710655.000000	9.995876	32775	0.000000
281474976710655.000000	10.051082	32776	0.000000
281474976710655.000000	10.126102	32777	0.000000
281474976710655.000000	10.247034	32778	0.000000
281474976710655.000000	10.139454	32779	0.000000
281474976710655.000000	9.989439	32780	0.000000
281474976710655.000000	10.371734	32781	0.000000
281474976710655.000000	9.852707	32782	0.000000
281474976710655.000000	9.774107	32783	0.000000
281474976710655.000000	10.388136	32784	0.000000
281474976710655.000000	10.234450	32785	0.000000
281474976710655.000000	10.572385	32786	0.000000
281474976710655.000000	9.749606	32787	0.000000
281474976710655.000000	10.564320	32788	0.000000
281474976710655.000000	9.772978	32789	0.000000
281474976710655.000000	10.130561	32790	0.000000
281474976710655.000000	10.007881	32791	0.000000
281474976710655.000000	9.935662	32792	0.000000
281474976710655.000000	9.963633	32793	0.000000
281474976710655.000000	9.853422	32794	0.000000
281474976710655.000000	9.790838	32795	0.000000
281474976710655.000000	9.715644	32796	0.000000
281474976710655.000000	9.802966	32797	0.000000
281474976710655.000000	9.484247	32798	0.000000
281474976710655.000000	9.797153	32799	0.000000
281474976710655.000000	10.129453	32800	0.000000
281474976710655.000000	9.947774	32801	0.000000
281474976710655.000000	9.759257	32802	0.000000
281474976710655.000000	9.461925	32803	0.000000
281474976710655.000000	10.097712	32804	0.000000
281474976710655.000000	9.622788	32805	0.000000
281474976710655.000000	9.842312	32806	0.000000
281474976710655.000000	9.811949	32807	0.000000
281474976710655.000000	9.839897	32808	0.000000
281474976710655.000000	9.812440	32809	0.000000
281474976710655.000000	9.821749	32810	0.000000
281474976710655.000000	9.765092	32811	0.000000
281474976710655.000000	9.596382	32812	0.000000
281474976710655.000000	9.502435	32813	0.000000
281474976710655.000000	9.640836	32814	0.000000
281474976710655.000000	9.729155	32815	0.000000
281474976710655.000000	9.664862	32816	0.000000
281474976710655.000000	9.651220	32817	0.000000
281474976710655.000000	9.693580	32818	0.000000
281474976710655.000000	9.593458	32819	0.000000
281474976710655.000000	9.853048	32820	0.000000
281474976710655.000000	9.434885	32821	0.000000
281474976710655.000000	9.520818	32822	0.000000
281474976710655.000000	9.587154	32823	0.000000
281474976710655.000000	9.464001	32824	0.000000
281474976710655.000000	9.511295	32825	0.000000
281474976710655.000000	9.698685	32826	0.000000
281474976710655.000000	9.489367	32827	0.000000
281474976710655.000000	9.348234	32828	0.000000
281474976710655.000000	9.410343	32829	0.000000
281474976710655.000000	9.540699	32830	0.000000
281474976710655.000000	9.548927	32831	0.000000
281474976710655.000000	9.512083	32832	0.000000
281474976710655.000000	9.859538	32833	0.000000
281474976710655.000000	9.703442	32834	0.000000
281474976710655.000000	9.545999	32835	0.000000
281474976710655.000000	9.357512	32836	0.000000
281474976710655.000000	8.797011	32837	0.000000
281474976710655.000000	9.769982	32838	0.000000
281474976710655.000000	9.431945	32839	0.000000
281474976710655.000000	9.470705	32840	0.000000
281474976710655.000000	8.946071	32841	0.000000
281474976710655.000000	9.444410	32842	0.000000
281474976710655.000000	9.488575	32843	0.000000
281474976710655.000000	9.262278	32844	0.000000
281474976710655.000000	9.327723	32845	0.000000
281474976710655.000000	9.412037	32846	0.000000
281474976710655.000000	9.299384	32847	0.000000
281474976710655.000000	9.283669	32848	0.000000
281474976710655.000000	9.053684	32849	0.000000
281474976710655.000000	9.369523	32850	0.000000
281474976710655.000000	9.244167	32851	0.000000
281474976710655.000000	9.125047	32852	0.000000
281474976710655.000000	9.374742	32853	0.000000
281474976710655.000000	9.091008	32854	0.000000
281474976710655.000000	9.111979	32855	0.000000
281474976710655.000000	9.064931	32856	0.000000
281474976710655.000000	9.009700	32857	0.000000
281474976710655.000000	9.235395	32858	0.000000
281474976710655.000000	9.076203	32859	0.000000
281474976710655.000000	9.099241	32860	0.000000
281474976710655.000000	9.153833	32861	0.000000
281474976710655.000000	9.315387	32862	0.000000
281474976710655.000000	9.225348	32863	0.000000
281474976710655.000000	9.097438	32864	0.000000
281474976710655.000000	9.090891	32865	0.000000
281474976710655.000000	8.909032	32866	0.000000
281474976710655.000000	8.785522	32867	0.000000
281474976710655.000000	8.935756	32868	0.000000
281474976710655.000000	8.853650	32869	0.000000
281474976710655.000000	8.868097	32870	0.000000
281474976710655.000000	9.008644	32871	0.000000
281474976710655.000000	9.155166	32872	0.000000
281474976710655.000000	8.806560	32873	0.000000
281474976710655.000000	8.855803	32874	0.000000
281474976710655.000000	8.698788	32875	0.000000
281474976710655.000000	9.009377	32876	0.000000
281474976710655.000000	8.976053	32877	0.000000
281474976710655.000000	8.829516	32878	0.000000
281474976710655.000000	8.726094	32879	0.000000
281474976710655.000000	8.852732	32880	0.000000
281474976710655.000000	8.791862	32881	0.000000
281474976710655.000000	9.032001	32882	0.000000
281474976710655.000000	8.853478	32883	0.000000
281474976710655.000000	8.882860	32884	0.000000
281474976710655.000000	8.987416	32885	0.000000
281474976710655.000000	8.874413	32886	0.000000
281474976710655.000000	9.028134	32887	0.000000
281474976710655.000000	8.809017	32888	0.000000
281474976710655.000000	8.780844	32889	0.000000
281474976710655.000000	8.608839	32890	0.000000
281474976710655.000000	8.716070	32891	0.000000
281474976710655.000000	8.939015	32892	0.000000
281474976710655.000000	8.691916	32893	0.000000
281474976710655.000000	8.876995	32894	0.000000
281474976710655.000000	8.808589	32895	0.000000
281474976710655.000000	8.803318	32896	0.000000
281474976710655.000000	8.655293	32897	0.000000
281474976710655.000000	8.831133	32898	0.000000
281474976710655.000000	8.683105	32899	0.000000
281474976710655.000000	8.818911	32900	0.000000
281474976710655.000000	8.638875	32901	0.000000
281474976710655.000000	8.671602	32902	0.000000
281474976710655.000000	8.777629	32903	0.000000
281474976710655.000000	8.566647	32904	0.000000
281474976710655.000000	8.748947	32905	0.000000
281474976710655.000000	8.656761	32906	0.000000
281474976710655.000000	8.722465	32907	0.000000
281474976710655.000000	8.509050	32908	0.000000
281474976710655.000000	8.645212	32909	0.000000
281474976710655.000000	8.598785	32910	0.000000
281474976710655.000000	8.690600	32911	0.000000
281474976710655.000000	8.562350	32912	0.000000
281474976710655.000000	8.423141	32913	0.000000
281474976710655.000000	8.908283	32914	0.000000
281474976710655.000000	8.568386	32915	0.000000
281474976710655.000000	8.134648	32916	0.000000
281474976710655.000000	7.865777	32917	0.000000
281474976710655.000000	8.593390	32918	0.000000
281474976710655.000000	8.389030	32919	0.000000
281474976710655.000000	8.409412	32920	0.000000
281474976710655.000000	8.509589	32921	0.000000
281474976710655.000000	8.295775	32922	0.000000
281474976710655.000000	8.190796	32923	0.000000
281474976710655.000000	8.663317	32924	0.000000
281474976710655.000000	8.510455	32925	0.000000
281474976710655.000000	8.591498	32926	0.000000
281474976710655.000000	8.285609	32927	0.000000
281474976710655.000000	8.309997	32928	0.000000
281474976710655.000000	8.554301	32929	0.000000
281474976710655.000000	8.268527	32930	0.000000
281474976710655.000000	8.381430	32931	0.000000
281474976710655.000000	8.441983	32932	0.000000
281474976710655.000000	8.510689	32933	0.000000
281474976710655.000000	8.213214	32934	0.000000
281474976710655.000000	8.383916	32935	0.000000
281474976710655.000000	8.275422	32936	0.000000
281474976710655.000000	8.240909	32937	0.000000
281474976710655.000000	8.192478	32938	0.000000
281474976710655.000000	8.271881	32939	0.000000
281474976710655.000000	8.608261	32940	0.000000
281474976710655.000000	8.088108	32941	0.000000
281474976710655.000000	8.191358	32942	0.000000
281474976710655.000000	8.461221	32943	0.000000
281474976710655.000000	8.151116	32944	0.000000
281474976710655.000000	8.108056	32945	0.000000
281474976710655.000000	8.241940	32946	0.000000
281474976710655.000000	8.201991	32947	0.000000
281474976710655.000000	8.486028	32948	0.000000
281474976710655.000000	8.547058	32949	0.000000
281474976710655.000000	7.797327	32950	0.000000
281474976710655.000000	7.812569	32951	0.000000
281474976710655.000000	8.563723	32952	0.000000
281474976710655.000000	8.075437	32953	0.000000
281474976710655.000000	7.641529	32954	0.000000
281474976710655.000000	7.591274	32955	0.000000
281474976710655.000000	7.889771	32956	0.000000
281474976710655.000000	8.207743	32957	0.000000
281474976710655.000000	8.315848	32958	0.000000
281474976710655.000000	8.118570	32959	0.000000
281474976710655.000000	8.581151	32960	0.000000
281474976710655.000000	8.109512	32961	0.000000
281474976710655.000000	8.038519	32962	0.000000
281474976710655.000000	7.949066	32963	0.000000
281474976710655.000000	8.189402	32964	0.000000
281474976710655.000000	8.064239	32965	0.000000
281474976710655.000000	8.027772	32966	0.000000
281474976710655.000000	8.047775	32967	0.000000
281474976710655.000000	8.079603	32968	0.000000
281474976710655.000000	7.918041	32969	0.000000
