crossing time (s)	slope (V/s)	crossing number
281474976710655.000000	36.719002	34516	0.000000
281474976710655.000000	36.054363	34517	0.000000
281474976710655.000000	32.528114	34518	0.000000
281474976710655.000000	40.932961	34519	0.000000
281474976710655.000000	38.443909	34520	0.000000
281474976710655.000000	33.005001	34521	0.000000
281474976710655.000000	30.442064	34522	0.000000
281474976710655.000000	36.107037	34523	0.000000
281474976710655.000000	33.012691	34524	0.000000
281474976710655.000000	30.486450	34525	0.000000
281474976710655.000000	35.753155	34526	0.000000
281474976710655.000000	29.031412	34527	0.000000
281474976710655.000000	38.656353	34528	0.000000
281474976710655.000000	35.047928	34529	0.000000
281474976710655.000000	37.049988	34530	0.000000
281474976710655.000000	35.203194	34531	0.000000
281474976710655.000000	37.403984	34532	0.000000
281474976710655.000000	28.893923	34533	0.000000
281474976710655.000000	33.581940	34534	0.000000
281474976710655.000000	30.184063	34535	0.000000
281474976710655.000000	28.584209	34536	0.000000
281474976710655.000000	29.477415	34537	0.000000
281474976710655.000000	35.654816	34538	0.000000
281474976710655.000000	32.441837	34539	0.000000
281474976710655.000000	34.285477	34540	0.000000
281474976710655.000000	35.437302	34541	0.000000
281474976710655.000000	29.453112	34542	0.000000
281474976710655.000000	30.301413	34543	0.000000
281474976710655.000000	34.627525	34544	0.000000
281474976710655.000000	35.207638	34545	0.000000
281474976710655.000000	34.782230	34546	0.000000
281474976710655.000000	28.344656	34547	0.000000
281474976710655.000000	35.037941	34548	0.000000
281474976710655.000000	29.914333	34549	0.000000
281474976710655.000000	29.426949	34550	0.000000
281474976710655.000000	37.647926	34551	0.000000
281474976710655.000000	33.762215	34552	0.000000
281474976710655.000000	33.220398	34553	0.000000
281474976710655.000000	33.763515	34554	0.000000
281474976710655.000000	36.235180	34555	0.000000
281474976710655.000000	35.253059	34556	0.000000
281474976710655.000000	32.653965	34557	0.000000
281474976710655.000000	36.471302	34558	0.000000
281474976710655.000000	32.030842	34559	0.000000
281474976710655.000000	31.570183	34560	0.000000
281474976710655.000000	33.922180	34561	0.000000
281474976710655.000000	34.429886	34562	0.000000
281474976710655.000000	34.494362	34563	0.000000
281474976710655.000000	35.613338	34564	0.000000
281474976710655.000000	36.479710	34565	0.000000
281474976710655.000000	27.764874	34566	0.000000
281474976710655.000000	35.986176	34567	0.000000
281474976710655.000000	34.265358	34568	0.000000
281474976710655.000000	38.262398	34569	0.000000
281474976710655.000000	33.795700	34570	0.000000
281474976710655.000000	37.199860	34571	0.000000
281474976710655.000000	28.563921	34572	0.000000
281474976710655.000000	36.373753	34573	0.000000
281474976710655.000000	33.250793	34574	0.000000
281474976710655.000000	33.819229	34575	0.000000
281474976710655.000000	34.826118	34576	0.000000
281474976710655.000000	30.919474	34577	0.000000
281474976710655.000000	34.683346	34578	0.000000
281474976710655.000000	32.115162	34579	0.000000
281474976710655.000000	25.876896	34580	0.000000
281474976710655.000000	31.397120	34581	0.000000
281474976710655.000000	31.489115	34582	0.000000
281474976710655.000000	33.287331	34583	0.000000
281474976710655.000000	32.345776	34584	0.000000
281474976710655.000000	32.416313	34585	0.000000
281474976710655.000000	35.906975	34586	0.000000
281474976710655.000000	33.438793	34587	0.000000
281474976710655.000000	29.793663	34588	0.000000
281474976710655.000000	33.048073	34589	0.000000
281474976710655.000000	27.636099	34590	0.000000
281474976710655.000000	28.309801	34591	0.000000
281474976710655.000000	32.244972	34592	0.000000
281474976710655.000000	30.406582	34593	0.000000
281474976710655.000000	32.799019	34594	0.000000
281474976710655.000000	31.274006	34595	0.000000
281474976710655.000000	32.133389	34596	0.000000
281474976710655.000000	33.196743	34597	0.000000
281474976710655.000000	32.511436	34598	0.000000
281474976710655.000000	30.062737	34599	0.000000
281474976710655.000000	32.782509	34600	0.000000
281474976710655.000000	33.016308	34601	0.000000
281474976710655.000000	28.687714	34602	0.000000
281474976710655.000000	28.119133	34603	0.000000
281474976710655.000000	31.797880	34604	0.000000
281474976710655.000000	29.747078	34605	0.000000
281474976710655.000000	27.667315	34606	0.000000
281474976710655.000000	33.145088	34607	0.000000
281474976710655.000000	35.926868	34608	0.000000
281474976710655.000000	27.433119	34609	0.000000
281474976710655.000000	34.621544	34610	0.000000
281474976710655.000000	32.991390	34611	0.000000
281474976710655.000000	32.114815	34612	0.000000
281474976710655.000000	28.987230	34613	0.000000
281474976710655.000000	33.948669	34614	0.000000
281474976710655.000000	26.857254	34615	0.000000
281474976710655.000000	31.615191	34616	0.000000
281474976710655.000000	32.957355	34617	0.000000
281474976710655.000000	32.571785	34618	0.000000
281474976710655.000000	32.078850	34619	0.000000
281474976710655.000000	31.215111	34620	0.000000
281474976710655.000000	29.699030	34621	0.000000
281474976710655.000000	30.811338	34622	0.000000
281474976710655.000000	35.031357	34623	0.000000
281474976710655.000000	30.872751	34624	0.000000
281474976710655.000000	30.749311	34625	0.000000
281474976710655.000000	29.999224	34626	0.000000
281474976710655.000000	32.973888	34627	0.000000
281474976710655.000000	29.940706	34628	0.000000
281474976710655.000000	31.702633	34629	0.000000
281474976710655.000000	32.885914	34630	0.000000
281474976710655.000000	31.858133	34631	0.000000
281474976710655.000000	32.244286	34632	0.000000
281474976710655.000000	32.953159	34633	0.000000
281474976710655.000000	27.702290	34634	0.000000
281474976710655.000000	31.072031	34635	0.000000
281474976710655.000000	25.993122	34636	0.000000
281474976710655.000000	33.270733	34637	0.000000
281474976710655.000000	31.599125	34638	0.000000
281474976710655.000000	30.124537	34639	0.000000
281474976710655.000000	29.911476	34640	0.000000
281474976710655.000000	26.016760	34641	0.000000
281474976710655.000000	29.815657	34642	0.000000
281474976710655.000000	30.367706	34643	0.000000
281474976710655.000000	31.041189	34644	0.000000
281474976710655.000000	32.085484	34645	0.000000
281474976710655.000000	30.522642	34646	0.000000
281474976710655.000000	31.954586	34647	0.000000
281474976710655.000000	29.212025	34648	0.000000
281474976710655.000000	30.643444	34649	0.000000
281474976710655.000000	27.099632	34650	0.000000
281474976710655.000000	30.641813	34651	0.000000
281474976710655.000000	29.907234	34652	0.000000
281474976710655.000000	29.581659	34653	0.000000
281474976710655.000000	31.443108	34654	0.000000
281474976710655.000000	36.221516	34655	0.000000
281474976710655.000000	30.448740	34656	0.000000
281474976710655.000000	30.328119	34657	0.000000
281474976710655.000000	30.204849	34658	0.000000
281474976710655.000000	30.117064	34659	0.000000
281474976710655.000000	30.994745	34660	0.000000
281474976710655.000000	29.115068	34661	0.000000
281474976710655.000000	29.433634	34662	0.000000
281474976710655.000000	32.841927	34663	0.000000
281474976710655.000000	26.305807	34664	0.000000
281474976710655.000000	30.351665	34665	0.000000
281474976710655.000000	31.433903	34666	0.000000
281474976710655.000000	26.904724	34667	0.000000
281474976710655.000000	30.349396	34668	0.000000
281474976710655.000000	24.562473	34669	0.000000
281474976710655.000000	28.234365	34670	0.000000
281474976710655.000000	28.445641	34671	0.000000
281474976710655.000000	31.237570	34672	0.000000
281474976710655.000000	28.222643	34673	0.000000
281474976710655.000000	28.594212	34674	0.000000
281474976710655.000000	29.852953	34675	0.000000
281474976710655.000000	28.620165	34676	0.000000
281474976710655.000000	30.678724	34677	0.000000
281474976710655.000000	25.236744	34678	0.000000
281474976710655.000000	30.483364	34679	0.000000
281474976710655.000000	27.818220	34680	0.000000
281474976710655.000000	24.520559	34681	0.000000
281474976710655.000000	28.979242	34682	0.000000
281474976710655.000000	26.280579	34683	0.000000
281474976710655.000000	28.018520	34684	0.000000
281474976710655.000000	29.510448	34685	0.000000
281474976710655.000000	31.193125	34686	0.000000
281474976710655.000000	28.190197	34687	0.000000
281474976710655.000000	31.122360	34688	0.000000
281474976710655.000000	31.294727	34689	0.000000
281474976710655.000000	24.076605	34690	0.000000
281474976710655.000000	28.553688	34691	0.000000
281474976710655.000000	26.477356	34692	0.000000
281474976710655.000000	28.695732	34693	0.000000
281474976710655.000000	27.880049	34694	0.000000
281474976710655.000000	24.134951	34695	0.000000
281474976710655.000000	29.057001	34696	0.000000
281474976710655.000000	30.078651	34697	0.000000
281474976710655.000000	23.992350	34698	0.000000
281474976710655.000000	29.394575	34699	0.000000
281474976710655.000000	28.049299	34700	0.000000
281474976710655.000000	27.695864	34701	0.000000
281474976710655.000000	29.103880	34702	0.000000
281474976710655.000000	23.954876	34703	0.000000
281474976710655.000000	28.607647	34704	0.000000
281474976710655.000000	27.399208	34705	0.000000
281474976710655.000000	27.663311	34706	0.000000
281474976710655.000000	28.800198	34707	0.000000
281474976710655.000000	23.616186	34708	0.000000
281474976710655.000000	28.153753	34709	0.000000
281474976710655.000000	25.685619	34710	0.000000
281474976710655.000000	27.300009	34711	0.000000
281474976710655.000000	28.057003	34712	0.000000
281474976710655.000000	26.398016	34713	0.000000
281474976710655.000000	26.687998	34714	0.000000
281474976710655.000000	23.561123	34715	0.000000
281474976710655.000000	25.654142	34716	0.000000
281474976710655.000000	25.298155	34717	0.000000
281474976710655.000000	28.214397	34718	0.000000
281474976710655.000000	23.500467	34719	0.000000
281474976710655.000000	26.928560	34720	0.000000
281474976710655.000000	28.936548	34721	0.000000
281474976710655.000000	25.391100	34722	0.000000
281474976710655.000000	28.040358	34723	0.000000
281474976710655.000000	25.301380	34724	0.000000
281474976710655.000000	29.260376	34725	0.000000
281474976710655.000000	26.282724	34726	0.000000
281474976710655.000000	25.633360	34727	0.000000
281474976710655.000000	23.247023	34728	0.000000
281474976710655.000000	29.482836	34729	0.000000
281474976710655.000000	26.479898	34730	0.000000
281474976710655.000000	27.610575	34731	0.000000
281474976710655.000000	27.635950	34732	0.000000
281474976710655.000000	28.886517	34733	0.000000
281474976710655.000000	27.250437	34734	0.000000
281474976710655.000000	27.142179	34735	0.000000
281474976710655.000000	28.080763	34736	0.000000
281474976710655.000000	27.147215	34737	0.000000
281474976710655.000000	28.012642	34738	0.000000
281474976710655.000000	26.660112	34739	0.000000
281474976710655.000000	29.386721	34740	0.000000
281474976710655.000000	25.474125	34741	0.000000
281474976710655.000000	27.651472	34742	0.000000
281474976710655.000000	28.309826	34743	0.000000
281474976710655.000000	24.025236	34744	0.000000
281474976710655.000000	23.223133	34745	0.000000
281474976710655.000000	26.290344	34746	0.000000
281474976710655.000000	22.706539	34747	0.000000
281474976710655.000000	26.109062	34748	0.000000
281474976710655.000000	27.899302	34749	0.000000
281474976710655.000000	29.448740	34750	0.000000
281474976710655.000000	26.113844	34751	0.000000
281474976710655.000000	27.711054	34752	0.000000
281474976710655.000000	28.801012	34753	0.000000
281474976710655.000000	26.809689	34754	0.000000
281474976710655.000000	24.959631	34755	0.000000
281474976710655.000000	25.872280	34756	0.000000
281474976710655.000000	25.418819	34757	0.000000
281474976710655.000000	21.327747	34758	0.000000
281474976710655.000000	23.703913	34759	0.000000
281474976710655.000000	24.649330	34760	0.000000
281474976710655.000000	26.735432	34761	0.000000
281474976710655.000000	27.143629	34762	0.000000
281474976710655.000000	27.706245	34763	0.000000
281474976710655.000000	25.578775	34764	0.000000
281474976710655.000000	27.389215	34765	0.000000
281474976710655.000000	23.790154	34766	0.000000
281474976710655.000000	25.525080	34767	0.000000
281474976710655.000000	24.492792	34768	0.000000
281474976710655.000000	25.260336	34769	0.000000
281474976710655.000000	25.912836	34770	0.000000
281474976710655.000000	25.798960	34771	0.000000
281474976710655.000000	25.446789	34772	0.000000
281474976710655.000000	25.124985	34773	0.000000
281474976710655.000000	24.313643	34774	0.000000
281474976710655.000000	27.451210	34775	0.000000
281474976710655.000000	25.988047	34776	0.000000
281474976710655.000000	24.272284	34777	0.000000
281474976710655.000000	26.476980	34778	0.000000
281474976710655.000000	25.081844	34779	0.000000
281474976710655.000000	25.562231	34780	0.000000
281474976710655.000000	24.159588	34781	0.000000
281474976710655.000000	26.720724	34782	0.000000
281474976710655.000000	26.869381	34783	0.000000
281474976710655.000000	24.823700	34784	0.000000
281474976710655.000000	23.668539	34785	0.000000
281474976710655.000000	26.255861	34786	0.000000
281474976710655.000000	21.523165	34787	0.000000
281474976710655.000000	24.314947	34788	0.000000
281474976710655.000000	25.466232	34789	0.000000
281474976710655.000000	23.257097	34790	0.000000
281474976710655.000000	27.164083	34791	0.000000
281474976710655.000000	25.976332	34792	0.000000
281474976710655.000000	24.576599	34793	0.000000
281474976710655.000000	23.967091	34794	0.000000
281474976710655.000000	21.306875	34795	0.000000
281474976710655.000000	24.752151	34796	0.000000
281474976710655.000000	25.260254	34797	0.000000
281474976710655.000000	24.018929	34798	0.000000
281474976710655.000000	23.310707	34799	0.000000
281474976710655.000000	24.854210	34800	0.000000
281474976710655.000000	23.528414	34801	0.000000
281474976710655.000000	23.206797	34802	0.000000
281474976710655.000000	26.924221	34803	0.000000
281474976710655.000000	25.527925	34804	0.000000
281474976710655.000000	22.958027	34805	0.000000
281474976710655.000000	23.843615	34806	0.000000
281474976710655.000000	24.481527	34807	0.000000
281474976710655.000000	24.249243	34808	0.000000
281474976710655.000000	25.501728	34809	0.000000
281474976710655.000000	23.396334	34810	0.000000
281474976710655.000000	23.448992	34811	0.000000
281474976710655.000000	24.114267	34812	0.000000
281474976710655.000000	24.420324	34813	0.000000
281474976710655.000000	24.892502	34814	0.000000
281474976710655.000000	24.244970	34815	0.000000
281474976710655.000000	24.959797	34816	0.000000
281474976710655.000000	22.957804	34817	0.000000
281474976710655.000000	23.974043	34818	0.000000
281474976710655.000000	23.573915	34819	0.000000
281474976710655.000000	23.198069	34820	0.000000
281474976710655.000000	24.518625	34821	0.000000
281474976710655.000000	25.179722	34822	0.000000
281474976710655.000000	22.616524	34823	0.000000
281474976710655.000000	23.334055	34824	0.000000
281474976710655.000000	25.312298	34825	0.000000
281474976710655.000000	22.834425	34826	0.000000
281474976710655.000000	24.560219	34827	0.000000
281474976710655.000000	23.959387	34828	0.000000
281474976710655.000000	23.354218	34829	0.000000
281474976710655.000000	22.357456	34830	0.000000
281474976710655.000000	25.094515	34831	0.000000
281474976710655.000000	21.213160	34832	0.000000
281474976710655.000000	23.901506	34833	0.000000
281474976710655.000000	22.046812	34834	0.000000
281474976710655.000000	23.979067	34835	0.000000
281474976710655.000000	22.876654	34836	0.000000
281474976710655.000000	24.137577	34837	0.000000
281474976710655.000000	21.857351	34838	0.000000
281474976710655.000000	24.252674	34839	0.000000
281474976710655.000000	24.234392	34840	0.000000
281474976710655.000000	25.176962	34841	0.000000
281474976710655.000000	23.738459	34842	0.000000
281474976710655.000000	22.782320	34843	0.000000
281474976710655.000000	22.902868	34844	0.000000
281474976710655.000000	23.901690	34845	0.000000
281474976710655.000000	23.584549	34846	0.000000
281474976710655.000000	23.959970	34847	0.000000
281474976710655.000000	21.884314	34848	0.000000
281474976710655.000000	23.120668	34849	0.000000
281474976710655.000000	24.967043	34850	0.000000
281474976710655.000000	24.304630	34851	0.000000
281474976710655.000000	21.792612	34852	0.000000
281474976710655.000000	23.048180	34853	0.000000
281474976710655.000000	23.266222	34854	0.000000
281474976710655.000000	24.171034	34855	0.000000
281474976710655.000000	23.172583	34856	0.000000
281474976710655.000000	21.675726	34857	0.000000
281474976710655.000000	22.431816	34858	0.000000
281474976710655.000000	23.028257	34859	0.000000
281474976710655.000000	22.554785	34860	0.000000
281474976710655.000000	22.686497	34861	0.000000
281474976710655.000000	23.948246	34862	0.000000
281474976710655.000000	22.784580	34863	0.000000
281474976710655.000000	22.208900	34864	0.000000
281474976710655.000000	23.015944	34865	0.000000
281474976710655.000000	22.988817	34866	0.000000
281474976710655.000000	22.919563	34867	0.000000
281474976710655.000000	21.578260	34868	0.000000
281474976710655.000000	23.437012	34869	0.000000
281474976710655.000000	22.370399	34870	0.000000
281474976710655.000000	22.175276	34871	0.000000
281474976710655.000000	22.602476	34872	0.000000
281474976710655.000000	21.080158	34873	0.000000
281474976710655.000000	21.424623	34874	0.000000
281474976710655.000000	22.535551	34875	0.000000
281474976710655.000000	24.469225	34876	0.000000
281474976710655.000000	22.422882	34877	0.000000
281474976710655.000000	21.977991	34878	0.000000
281474976710655.000000	22.450729	34879	0.000000
281474976710655.000000	21.698503	34880	0.000000
281474976710655.000000	21.395309	34881	0.000000
281474976710655.000000	22.376932	34882	0.000000
281474976710655.000000	23.401667	34883	0.000000
281474976710655.000000	22.097523	34884	0.000000
281474976710655.000000	22.503778	34885	0.000000
281474976710655.000000	22.172750	34886	0.000000
281474976710655.000000	21.570606	34887	0.000000
281474976710655.000000	22.301949	34888	0.000000
281474976710655.000000	22.303043	34889	0.000000
281474976710655.000000	21.113600	34890	0.000000
281474976710655.000000	21.780582	34891	0.000000
281474976710655.000000	22.697531	34892	0.000000
281474976710655.000000	22.250725	34893	0.000000
281474976710655.000000	21.330294	34894	0.000000
281474976710655.000000	21.830059	34895	0.000000
281474976710655.000000	22.384062	34896	0.000000
281474976710655.000000	21.652754	34897	0.000000
281474976710655.000000	21.412098	34898	0.000000
281474976710655.000000	21.414537	34899	0.000000
281474976710655.000000	21.394829	34900	0.000000
281474976710655.000000	21.234030	34901	0.000000
281474976710655.000000	20.185783	34902	0.000000
281474976710655.000000	21.228956	34903	0.000000
281474976710655.000000	21.422962	34904	0.000000
281474976710655.000000	23.161463	34905	0.000000
281474976710655.000000	21.111010	34906	0.000000
281474976710655.000000	22.356756	34907	0.000000
281474976710655.000000	21.377449	34908	0.000000
281474976710655.000000	22.812346	34909	0.000000
281474976710655.000000	22.528036	34910	0.000000
281474976710655.000000	19.614262	34911	0.000000
281474976710655.000000	20.204199	34912	0.000000
281474976710655.000000	22.399221	34913	0.000000
281474976710655.000000	21.384129	34914	0.000000
281474976710655.000000	21.285139	34915	0.000000
281474976710655.000000	20.535505	34916	0.000000
281474976710655.000000	21.201124	34917	0.000000
281474976710655.000000	22.890184	34918	0.000000
281474976710655.000000	21.934092	34919	0.000000
281474976710655.000000	20.368469	34920	0.000000
281474976710655.000000	21.393789	34921	0.000000
281474976710655.000000	20.395500	34922	0.000000
281474976710655.000000	22.250149	34923	0.000000
281474976710655.000000	21.664705	34924	0.000000
281474976710655.000000	20.872692	34925	0.000000
281474976710655.000000	21.173866	34926	0.000000
281474976710655.000000	20.385269	34927	0.000000
281474976710655.000000	20.814426	34928	0.000000
281474976710655.000000	22.010736	34929	0.000000
281474976710655.000000	22.384588	34930	0.000000
281474976710655.000000	20.940378	34931	0.000000
281474976710655.000000	20.536154	34932	0.000000
281474976710655.000000	20.972155	34933	0.000000
281474976710655.000000	21.745783	34934	0.000000
281474976710655.000000	19.242502	34935	0.000000
281474976710655.000000	20.639881	34936	0.000000
281474976710655.000000	20.880211	34937	0.000000
281474976710655.000000	21.022421	34938	0.000000
281474976710655.000000	19.413700	34939	0.000000
281474976710655.000000	20.485607	34940	0.000000
281474976710655.000000	19.040810	34941	0.000000
281474976710655.000000	19.088057	34942	0.000000
281474976710655.000000	19.904272	34943	0.000000
281474976710655.000000	19.826101	34944	0.000000
281474976710655.000000	20.516068	34945	0.000000
281474976710655.000000	19.846325	34946	0.000000
281474976710655.000000	20.422632	34947	0.000000
281474976710655.000000	21.590454	34948	0.000000
281474976710655.000000	20.382902	34949	0.000000
281474976710655.000000	19.915251	34950	0.000000
281474976710655.000000	21.036478	34951	0.000000
281474976710655.000000	20.198187	34952	0.000000
281474976710655.000000	20.486170	34953	0.000000
281474976710655.000000	19.793385	34954	0.000000
281474976710655.000000	21.268726	34955	0.000000
281474976710655.000000	20.466116	34956	0.000000
281474976710655.000000	20.299990	34957	0.000000
281474976710655.000000	19.694437	34958	0.000000
281474976710655.000000	20.114786	34959	0.000000
281474976710655.000000	20.079018	34960	0.000000
281474976710655.000000	19.631016	34961	0.000000
281474976710655.000000	19.445253	34962	0.000000
281474976710655.000000	20.174210	34963	0.000000
281474976710655.000000	20.383598	34964	0.000000
281474976710655.000000	20.335127	34965	0.000000
281474976710655.000000	19.744324	34966	0.000000
281474976710655.000000	20.224283	34967	0.000000
281474976710655.000000	20.111694	34968	0.000000
281474976710655.000000	20.282789	34969	0.000000
281474976710655.000000	21.547342	34970	0.000000
281474976710655.000000	19.728565	34971	0.000000
281474976710655.000000	19.256128	34972	0.000000
281474976710655.000000	20.848454	34973	0.000000
281474976710655.000000	21.301931	34974	0.000000
281474976710655.000000	18.911610	34975	0.000000
281474976710655.000000	19.660484	34976	0.000000
281474976710655.000000	21.332670	34977	0.000000
281474976710655.000000	19.166399	34978	0.000000
281474976710655.000000	19.337543	34979	0.000000
281474976710655.000000	19.833534	34980	0.000000
281474976710655.000000	19.605265	34981	0.000000
281474976710655.000000	19.723742	34982	0.000000
281474976710655.000000	19.434416	34983	0.000000
281474976710655.000000	18.498287	34984	0.000000
281474976710655.000000	19.669563	34985	0.000000
281474976710655.000000	20.777964	34986	0.000000
281474976710655.000000	19.704784	34987	0.000000
281474976710655.000000	19.267921	34988	0.000000
281474976710655.000000	21.004030	34989	0.000000
281474976710655.000000	20.139133	34990	0.000000
281474976710655.000000	19.573387	34991	0.000000
281474976710655.000000	19.078905	34992	0.000000
281474976710655.000000	20.237047	34993	0.000000
281474976710655.000000	19.253670	34994	0.000000
281474976710655.000000	18.780367	34995	0.000000
281474976710655.000000	18.856796	34996	0.000000
281474976710655.000000	19.884350	34997	0.000000
281474976710655.000000	19.319040	34998	0.000000
281474976710655.000000	18.740639	34999	0.000000
281474976710655.000000	18.526573	35000	0.000000
281474976710655.000000	17.696671	35001	0.000000
281474976710655.000000	18.761284	35002	0.000000
281474976710655.000000	19.280199	35003	0.000000
281474976710655.000000	19.040154	35004	0.000000
281474976710655.000000	19.319918	35005	0.000000
281474976710655.000000	18.583971	35006	0.000000
281474976710655.000000	18.776085	35007	0.000000
281474976710655.000000	18.517094	35008	0.000000
281474976710655.000000	18.006056	35009	0.000000
281474976710655.000000	19.338129	35010	0.000000
281474976710655.000000	18.516260	35011	0.000000
281474976710655.000000	18.575445	35012	0.000000
281474976710655.000000	19.999954	35013	0.000000
281474976710655.000000	18.214272	35014	0.000000
281474976710655.000000	19.818188	35015	0.000000
281474976710655.000000	18.298021	35016	0.000000
281474976710655.000000	18.877541	35017	0.000000
281474976710655.000000	19.457993	35018	0.000000
281474976710655.000000	18.829781	35019	0.000000
281474976710655.000000	18.255699	35020	0.000000
281474976710655.000000	19.804787	35021	0.000000
281474976710655.000000	19.531481	35022	0.000000
281474976710655.000000	18.530819	35023	0.000000
281474976710655.000000	18.545979	35024	0.000000
281474976710655.000000	19.783148	35025	0.000000
281474976710655.000000	17.838591	35026	0.000000
281474976710655.000000	18.245443	35027	0.000000
281474976710655.000000	18.213955	35028	0.000000
281474976710655.000000	17.912025	35029	0.000000
281474976710655.000000	18.372452	35030	0.000000
281474976710655.000000	18.156607	35031	0.000000
281474976710655.000000	18.091400	35032	0.000000
281474976710655.000000	18.372345	35033	0.000000
281474976710655.000000	18.144539	35034	0.000000
281474976710655.000000	18.955317	35035	0.000000
281474976710655.000000	18.824436	35036	0.000000
281474976710655.000000	18.017857	35037	0.000000
281474976710655.000000	18.219593	35038	0.000000
281474976710655.000000	18.076508	35039	0.000000
281474976710655.000000	17.779436	35040	0.000000
281474976710655.000000	17.846766	35041	0.000000
281474976710655.000000	18.504730	35042	0.000000
281474976710655.000000	18.333912	35043	0.000000
281474976710655.000000	17.392450	35044	0.000000
281474976710655.000000	17.960434	35045	0.000000
281474976710655.000000	17.282831	35046	0.000000
281474976710655.000000	19.097206	35047	0.000000
281474976710655.000000	17.653000	35048	0.000000
281474976710655.000000	17.795954	35049	0.000000
281474976710655.000000	18.098209	35050	0.000000
281474976710655.000000	18.770006	35051	0.000000
281474976710655.000000	17.369322	35052	0.000000
281474976710655.000000	17.370247	35053	0.000000
281474976710655.000000	17.380083	35054	0.000000
281474976710655.000000	18.955080	35055	0.000000
281474976710655.000000	19.040464	35056	0.000000
281474976710655.000000	17.577427	35057	0.000000
281474976710655.000000	18.557535	35058	0.000000
281474976710655.000000	17.865490	35059	0.000000
281474976710655.000000	17.647902	35060	0.000000
281474976710655.000000	17.695768	35061	0.000000
281474976710655.000000	17.230217	35062	0.000000
281474976710655.000000	18.545874	35063	0.000000
281474976710655.000000	16.935806	35064	0.000000
281474976710655.000000	17.090584	35065	0.000000
281474976710655.000000	17.728260	35066	0.000000
281474976710655.000000	18.799253	35067	0.000000
281474976710655.000000	16.283306	35068	0.000000
281474976710655.000000	16.516249	35069	0.000000
281474976710655.000000	18.202868	35070	0.000000
281474976710655.000000	17.404947	35071	0.000000
281474976710655.000000	17.434727	35072	0.000000
281474976710655.000000	15.456598	35073	0.000000
281474976710655.000000	16.876740	35074	0.000000
281474976710655.000000	17.241802	35075	0.000000
281474976710655.000000	16.999228	35076	0.000000
281474976710655.000000	17.734755	35077	0.000000
281474976710655.000000	17.012619	35078	0.000000
281474976710655.000000	17.277653	35079	0.000000
281474976710655.000000	16.664360	35080	0.000000
281474976710655.000000	17.263849	35081	0.000000
281474976710655.000000	16.997879	35082	0.000000
281474976710655.000000	17.010117	35083	0.000000
281474976710655.000000	16.702412	35084	0.000000
281474976710655.000000	17.949337	35085	0.000000
281474976710655.000000	17.018435	35086	0.000000
281474976710655.000000	16.736391	35087	0.000000
281474976710655.000000	16.891188	35088	0.000000
281474976710655.000000	16.727257	35089	0.000000
281474976710655.000000	17.449961	35090	0.000000
281474976710655.000000	18.192293	35091	0.000000
281474976710655.000000	16.833641	35092	0.000000
281474976710655.000000	17.291941	35093	0.000000
281474976710655.000000	16.616882	35094	0.000000
281474976710655.000000	18.024424	35095	0.000000
281474976710655.000000	16.949896	35096	0.000000
281474976710655.000000	17.346783	35097	0.000000
281474976710655.000000	17.034256	35098	0.000000
281474976710655.000000	18.228806	35099	0.000000
281474976710655.000000	16.999825	35100	0.000000
281474976710655.000000	15.914805	35101	0.000000
281474976710655.000000	16.642200	35102	0.000000
281474976710655.000000	16.186085	35103	0.000000
281474976710655.000000	16.991669	35104	0.000000
281474976710655.000000	16.667940	35105	0.000000
281474976710655.000000	17.777431	35106	0.000000
281474976710655.000000	16.727583	35107	0.000000
281474976710655.000000	16.462881	35108	0.000000
281474976710655.000000	16.421349	35109	0.000000
281474976710655.000000	16.121489	35110	0.000000
281474976710655.000000	16.102068	35111	0.000000
281474976710655.000000	16.712372	35112	0.000000
281474976710655.000000	16.580242	35113	0.000000
281474976710655.000000	16.037693	35114	0.000000
281474976710655.000000	16.220984	35115	0.000000
281474976710655.000000	16.793365	35116	0.000000
281474976710655.000000	16.186869	35117	0.000000
281474976710655.000000	16.515598	35118	0.000000
281474976710655.000000	16.339907	35119	0.000000
281474976710655.000000	17.441626	35120	0.000000
281474976710655.000000	15.517244	35121	0.000000
281474976710655.000000	16.071781	35122	0.000000
281474976710655.000000	16.808548	35123	0.000000
281474976710655.000000	16.515810	35124	0.000000
281474976710655.000000	16.519398	35125	0.000000
281474976710655.000000	15.813220	35126	0.000000
281474976710655.000000	16.611948	35127	0.000000
281474976710655.000000	16.471701	35128	0.000000
281474976710655.000000	15.700577	35129	0.000000
281474976710655.000000	16.030392	35130	0.000000
281474976710655.000000	16.468729	35131	0.000000
281474976710655.000000	15.744135	35132	0.000000
281474976710655.000000	15.588308	35133	0.000000
281474976710655.000000	16.156136	35134	0.000000
281474976710655.000000	15.800494	35135	0.000000
281474976710655.000000	15.741497	35136	0.000000
281474976710655.000000	15.969244	35137	0.000000
281474976710655.000000	17.089006	35138	0.000000
281474976710655.000000	16.228920	35139	0.000000
281474976710655.000000	15.670485	35140	0.000000
281474976710655.000000	15.821665	35141	0.000000
281474976710655.000000	16.032860	35142	0.000000
281474976710655.000000	15.950557	35143	0.000000
281474976710655.000000	16.145269	35144	0.000000
281474976710655.000000	15.349639	35145	0.000000
281474976710655.000000	16.035334	35146	0.000000
281474976710655.000000	15.954008	35147	0.000000
281474976710655.000000	16.278410	35148	0.000000
281474976710655.000000	15.385434	35149	0.000000
281474976710655.000000	15.941858	35150	0.000000
281474976710655.000000	16.820971	35151	0.000000
281474976710655.000000	16.317879	35152	0.000000
281474976710655.000000	16.729776	35153	0.000000
281474976710655.000000	15.772321	35154	0.000000
281474976710655.000000	15.498487	35155	0.000000
281474976710655.000000	15.039989	35156	0.000000
281474976710655.000000	15.911625	35157	0.000000
281474976710655.000000	15.298875	35158	0.000000
281474976710655.000000	15.542677	35159	0.000000
281474976710655.000000	15.486385	35160	0.000000
281474976710655.000000	15.902189	35161	0.000000
281474976710655.000000	15.841385	35162	0.000000
281474976710655.000000	15.683293	35163	0.000000
281474976710655.000000	15.386209	35164	0.000000
281474976710655.000000	15.761927	35165	0.000000
281474976710655.000000	15.148801	35166	0.000000
281474976710655.000000	15.706030	35167	0.000000
281474976710655.000000	15.248144	35168	0.000000
281474976710655.000000	15.610690	35169	0.000000
281474976710655.000000	15.415045	35170	0.000000
281474976710655.000000	15.716742	35171	0.000000
281474976710655.000000	15.983716	35172	0.000000
281474976710655.000000	15.068165	35173	0.000000
281474976710655.000000	15.146816	35174	0.000000
281474976710655.000000	14.672515	35175	0.000000
281474976710655.000000	14.834733	35176	0.000000
281474976710655.000000	14.950868	35177	0.000000
281474976710655.000000	14.832260	35178	0.000000
281474976710655.000000	15.332374	35179	0.000000
281474976710655.000000	15.546148	35180	0.000000
281474976710655.000000	15.548765	35181	0.000000
281474976710655.000000	14.770277	35182	0.000000
281474976710655.000000	15.525061	35183	0.000000
281474976710655.000000	15.407969	35184	0.000000
281474976710655.000000	16.213770	35185	0.000000
281474976710655.000000	15.600989	35186	0.000000
281474976710655.000000	14.785708	35187	0.000000
281474976710655.000000	14.767455	35188	0.000000
281474976710655.000000	14.634622	35189	0.000000
281474976710655.000000	14.876130	35190	0.000000
281474976710655.000000	14.619491	35191	0.000000
281474976710655.000000	15.009545	35192	0.000000
281474976710655.000000	14.322362	35193	0.000000
281474976710655.000000	15.159548	35194	0.000000
281474976710655.000000	14.660868	35195	0.000000
281474976710655.000000	15.413834	35196	0.000000
281474976710655.000000	14.902416	35197	0.000000
281474976710655.000000	14.294614	35198	0.000000
281474976710655.000000	14.721728	35199	0.000000
281474976710655.000000	14.615742	35200	0.000000
281474976710655.000000	14.872934	35201	0.000000
281474976710655.000000	14.787066	35202	0.000000
281474976710655.000000	15.522329	35203	0.000000
281474976710655.000000	15.655643	35204	0.000000
281474976710655.000000	15.188478	35205	0.000000
281474976710655.000000	14.008266	35206	0.000000
281474976710655.000000	14.759314	35207	0.000000
281474976710655.000000	14.942014	35208	0.000000
281474976710655.000000	14.338426	35209	0.000000
281474976710655.000000	14.576249	35210	0.000000
281474976710655.000000	14.393390	35211	0.000000
281474976710655.000000	14.663096	35212	0.000000
281474976710655.000000	15.140663	35213	0.000000
281474976710655.000000	14.330457	35214	0.000000
281474976710655.000000	13.785261	35215	0.000000
281474976710655.000000	15.015800	35216	0.000000
281474976710655.000000	14.378487	35217	0.000000
281474976710655.000000	14.911635	35218	0.000000
281474976710655.000000	14.554873	35219	0.000000
281474976710655.000000	14.520153	35220	0.000000
281474976710655.000000	14.300378	35221	0.000000
281474976710655.000000	14.128571	35222	0.000000
281474976710655.000000	15.300351	35223	0.000000
281474976710655.000000	15.109425	35224	0.000000
281474976710655.000000	14.110854	35225	0.000000
281474976710655.000000	14.719711	35226	0.000000
281474976710655.000000	13.901908	35227	0.000000
281474976710655.000000	14.482413	35228	0.000000
281474976710655.000000	13.814085	35229	0.000000
281474976710655.000000	14.551917	35230	0.000000
281474976710655.000000	13.850872	35231	0.000000
281474976710655.000000	14.208145	35232	0.000000
281474976710655.000000	14.588909	35233	0.000000
281474976710655.000000	13.944974	35234	0.000000
281474976710655.000000	14.194415	35235	0.000000
281474976710655.000000	13.978456	35236	0.000000
281474976710655.000000	13.977241	35237	0.000000
281474976710655.000000	14.062234	35238	0.000000
281474976710655.000000	13.820118	35239	0.000000
281474976710655.000000	13.641595	35240	0.000000
281474976710655.000000	13.808632	35241	0.000000
281474976710655.000000	14.381742	35242	0.000000
281474976710655.000000	13.556192	35243	0.000000
281474976710655.000000	13.791688	35244	0.000000
281474976710655.000000	14.175515	35245	0.000000
281474976710655.000000	14.730580	35246	0.000000
281474976710655.000000	13.928295	35247	0.000000
281474976710655.000000	13.799511	35248	0.000000
281474976710655.000000	13.054258	35249	0.000000
281474976710655.000000	13.844727	35250	0.000000
281474976710655.000000	14.417315	35251	0.000000
281474976710655.000000	14.022285	35252	0.000000
281474976710655.000000	13.323301	35253	0.000000
281474976710655.000000	13.805285	35254	0.000000
281474976710655.000000	13.888919	35255	0.000000
281474976710655.000000	14.059435	35256	0.000000
281474976710655.000000	13.747869	35257	0.000000
281474976710655.000000	13.655951	35258	0.000000
281474976710655.000000	13.826232	35259	0.000000
281474976710655.000000	13.478533	35260	0.000000
281474976710655.000000	13.640772	35261	0.000000
281474976710655.000000	13.721183	35262	0.000000
281474976710655.000000	13.318593	35263	0.000000
281474976710655.000000	13.364683	35264	0.000000
281474976710655.000000	13.583585	35265	0.000000
281474976710655.000000	13.759853	35266	0.000000
281474976710655.000000	13.732329	35267	0.000000
281474976710655.000000	13.385366	35268	0.000000
281474976710655.000000	13.287267	35269	0.000000
281474976710655.000000	13.520210	35270	0.000000
281474976710655.000000	13.466500	35271	0.000000
281474976710655.000000	13.476943	35272	0.000000
281474976710655.000000	12.913965	35273	0.000000
281474976710655.000000	13.492168	35274	0.000000
281474976710655.000000	13.276802	35275	0.000000
281474976710655.000000	13.309112	35276	0.000000
281474976710655.000000	13.121462	35277	0.000000
281474976710655.000000	13.355908	35278	0.000000
281474976710655.000000	13.146674	35279	0.000000
281474976710655.000000	13.056683	35280	0.000000
281474976710655.000000	13.211380	35281	0.000000
281474976710655.000000	13.271791	35282	0.000000
281474976710655.000000	12.866361	35283	0.000000
281474976710655.000000	13.323024	35284	0.000000
281474976710655.000000	12.942791	35285	0.000000
281474976710655.000000	13.275417	35286	0.000000
281474976710655.000000	13.249017	35287	0.000000
281474976710655.000000	13.327486	35288	0.000000
281474976710655.000000	13.331198	35289	0.000000
281474976710655.000000	13.531092	35290	0.000000
281474976710655.000000	12.965576	35291	0.000000
281474976710655.000000	13.100472	35292	0.000000
281474976710655.000000	13.212968	35293	0.000000
281474976710655.000000	12.915306	35294	0.000000
281474976710655.000000	12.541168	35295	0.000000
281474976710655.000000	12.926972	35296	0.000000
281474976710655.000000	13.062481	35297	0.000000
281474976710655.000000	13.176857	35298	0.000000
281474976710655.000000	12.599465	35299	0.000000
281474976710655.000000	12.897388	35300	0.000000
281474976710655.000000	12.988625	35301	0.000000
281474976710655.000000	13.275444	35302	0.000000
281474976710655.000000	12.678537	35303	0.000000
281474976710655.000000	13.365629	35304	0.000000
281474976710655.000000	12.883727	35305	0.000000
281474976710655.000000	12.823465	35306	0.000000
281474976710655.000000	12.834306	35307	0.000000
281474976710655.000000	12.715118	35308	0.000000
281474976710655.000000	12.940550	35309	0.000000
281474976710655.000000	12.704872	35310	0.000000
281474976710655.000000	12.691717	35311	0.000000
281474976710655.000000	12.593342	35312	0.000000
281474976710655.000000	12.949204	35313	0.000000
281474976710655.000000	13.224292	35314	0.000000
281474976710655.000000	12.323073	35315	0.000000
281474976710655.000000	13.013707	35316	0.000000
281474976710655.000000	12.706011	35317	0.000000
281474976710655.000000	12.751520	35318	0.000000
281474976710655.000000	12.581601	35319	0.000000
281474976710655.000000	12.626186	35320	0.000000
281474976710655.000000	12.813869	35321	0.000000
281474976710655.000000	12.570547	35322	0.000000
281474976710655.000000	12.226169	35323	0.000000
281474976710655.000000	12.276389	35324	0.000000
281474976710655.000000	12.671167	35325	0.000000
281474976710655.000000	13.454932	35326	0.000000
281474976710655.000000	12.335217	35327	0.000000
281474976710655.000000	12.779155	35328	0.000000
281474976710655.000000	12.721721	35329	0.000000
281474976710655.000000	12.390987	35330	0.000000
281474976710655.000000	11.730483	35331	0.000000
281474976710655.000000	12.574766	35332	0.000000
281474976710655.000000	12.838589	35333	0.000000
281474976710655.000000	11.473579	35334	0.000000
281474976710655.000000	12.260553	35335	0.000000
281474976710655.000000	11.834757	35336	0.000000
281474976710655.000000	11.902831	35337	0.000000
281474976710655.000000	13.093949	35338	0.000000
281474976710655.000000	11.562872	35339	0.000000
281474976710655.000000	11.743299	35340	0.000000
281474976710655.000000	12.800827	35341	0.000000
281474976710655.000000	11.775784	35342	0.000000
281474976710655.000000	12.271816	35343	0.000000
281474976710655.000000	12.570063	35344	0.000000
281474976710655.000000	12.083411	35345	0.000000
281474976710655.000000	11.835956	35346	0.000000
281474976710655.000000	12.296442	35347	0.000000
281474976710655.000000	12.340826	35348	0.000000
281474976710655.000000	11.863453	35349	0.000000
281474976710655.000000	11.777699	35350	0.000000
281474976710655.000000	12.338708	35351	0.000000
281474976710655.000000	12.469763	35352	0.000000
281474976710655.000000	11.934049	35353	0.000000
281474976710655.000000	12.153061	35354	0.000000
281474976710655.000000	12.283501	35355	0.000000
281474976710655.000000	12.110276	35356	0.000000
281474976710655.000000	12.029455	35357	0.000000
281474976710655.000000	11.983782	35358	0.000000
281474976710655.000000	11.995543	35359	0.000000
281474976710655.000000	12.003531	35360	0.000000
281474976710655.000000	12.084817	35361	0.000000
281474976710655.000000	12.130489	35362	0.000000
281474976710655.000000	11.930906	35363	0.000000
281474976710655.000000	12.095798	35364	0.000000
281474976710655.000000	11.723026	35365	0.000000
281474976710655.000000	11.831426	35366	0.000000
281474976710655.000000	12.299563	35367	0.000000
281474976710655.000000	12.140247	35368	0.000000
281474976710655.000000	12.143437	35369	0.000000
281474976710655.000000	11.329241	35370	0.000000
281474976710655.000000	11.834918	35371	0.000000
281474976710655.000000	11.639241	35372	0.000000
281474976710655.000000	12.102353	35373	0.000000
281474976710655.000000	11.638946	35374	0.000000
281474976710655.000000	11.725407	35375	0.000000
281474976710655.000000	13.012093	35376	0.000000
281474976710655.000000	11.016215	35377	0.000000
281474976710655.000000	11.510134	35378	0.000000
281474976710655.000000	11.984496	35379	0.000000
281474976710655.000000	12.353729	35380	0.000000
281474976710655.000000	11.688071	35381	0.000000
281474976710655.000000	11.900794	35382	0.000000
281474976710655.000000	11.806795	35383	0.000000
281474976710655.000000	11.629948	35384	0.000000
281474976710655.000000	11.735667	35385	0.000000
281474976710655.000000	11.458582	35386	0.000000
281474976710655.000000	11.856358	35387	0.000000
281474976710655.000000	11.877964	35388	0.000000
281474976710655.000000	11.681839	35389	0.000000
281474976710655.000000	11.528867	35390	0.000000
281474976710655.000000	11.197156	35391	0.000000
281474976710655.000000	11.672127	35392	0.000000
281474976710655.000000	11.289730	35393	0.000000
281474976710655.000000	11.538097	35394	0.000000
281474976710655.000000	11.675681	35395	0.000000
281474976710655.000000	11.669382	35396	0.000000
281474976710655.000000	11.641744	35397	0.000000
281474976710655.000000	11.551988	35398	0.000000
281474976710655.000000	11.519922	35399	0.000000
281474976710655.000000	11.214152	35400	0.000000
281474976710655.000000	11.378345	35401	0.000000
281474976710655.000000	11.410127	35402	0.000000
281474976710655.000000	11.766137	35403	0.000000
281474976710655.000000	11.318487	35404	0.000000
281474976710655.000000	11.463600	35405	0.000000
281474976710655.000000	11.336755	35406	0.000000
281474976710655.000000	11.522319	35407	0.000000
281474976710655.000000	11.510463	35408	0.000000
281474976710655.000000	10.976499	35409	0.000000
281474976710655.000000	11.041401	35410	0.000000
281474976710655.000000	11.356528	35411	0.000000
281474976710655.000000	11.524701	35412	0.000000
281474976710655.000000	11.133992	35413	0.000000
281474976710655.000000	11.111832	35414	0.000000
281474976710655.000000	11.204298	35415	0.000000
281474976710655.000000	10.895454	35416	0.000000
281474976710655.000000	11.358821	35417	0.000000
281474976710655.000000	11.251640	35418	0.000000
281474976710655.000000	11.105085	35419	0.000000
281474976710655.000000	11.323599	35420	0.000000
281474976710655.000000	10.939816	35421	0.000000
281474976710655.000000	11.161094	35422	0.000000
281474976710655.000000	11.007376	35423	0.000000
281474976710655.000000	11.152987	35424	0.000000
281474976710655.000000	10.973309	35425	0.000000
281474976710655.000000	11.550032	35426	0.000000
281474976710655.000000	11.135684	35427	0.000000
281474976710655.000000	11.440800	35428	0.000000
281474976710655.000000	10.881994	35429	0.000000
281474976710655.000000	11.272674	35430	0.000000
281474976710655.000000	10.709876	35431	0.000000
281474976710655.000000	10.838326	35432	0.000000
281474976710655.000000	11.167091	35433	0.000000
281474976710655.000000	11.284246	35434	0.000000
281474976710655.000000	11.133145	35435	0.000000
281474976710655.000000	10.921703	35436	0.000000
281474976710655.000000	10.811039	35437	0.000000
281474976710655.000000	10.933136	35438	0.000000
281474976710655.000000	10.885951	35439	0.000000
281474976710655.000000	11.018483	35440	0.000000
281474976710655.000000	10.711818	35441	0.000000
281474976710655.000000	11.012512	35442	0.000000
281474976710655.000000	10.663038	35443	0.000000
281474976710655.000000	11.022516	35444	0.000000
281474976710655.000000	11.019064	35445	0.000000
281474976710655.000000	10.677239	35446	0.000000
281474976710655.000000	10.991534	35447	0.000000
281474976710655.000000	10.684365	35448	0.000000
281474976710655.000000	11.186324	35449	0.000000
281474976710655.000000	11.180285	35450	0.000000
281474976710655.000000	10.807332	35451	0.000000
281474976710655.000000	10.657227	35452	0.000000
281474976710655.000000	10.445428	35453	0.000000
281474976710655.000000	10.385900	35454	0.000000
281474976710655.000000	10.941830	35455	0.000000
281474976710655.000000	10.759205	35456	0.000000
281474976710655.000000	10.408752	35457	0.000000
281474976710655.000000	10.461547	35458	0.000000
281474976710655.000000	10.414258	35459	0.000000
281474976710655.000000	10.650884	35460	0.000000
281474976710655.000000	11.203637	35461	0.000000
281474976710655.000000	10.937783	35462	0.000000
281474976710655.000000	10.952805	35463	0.000000
281474976710655.000000	10.766197	35464	0.000000
281474976710655.000000	10.635340	35465	0.000000
281474976710655.000000	10.407802	35466	0.000000
281474976710655.000000	10.516484	35467	0.000000
281474976710655.000000	10.667012	35468	0.000000
281474976710655.000000	10.644701	35469	0.000000
281474976710655.000000	10.776628	35470	0.000000
281474976710655.000000	10.314160	35471	0.000000
281474976710655.000000	10.813590	35472	0.000000
281474976710655.000000	10.420550	35473	0.000000
281474976710655.000000	10.866084	35474	0.000000
281474976710655.000000	10.663941	35475	0.000000
281474976710655.000000	10.512090	35476	0.000000
281474976710655.000000	10.465036	35477	0.000000
281474976710655.000000	10.416810	35478	0.000000
281474976710655.000000	10.457424	35479	0.000000
281474976710655.000000	10.197002	35480	0.000000
281474976710655.000000	10.678873	35481	0.000000
281474976710655.000000	10.466736	35482	0.000000
281474976710655.000000	10.147300	35483	0.000000
281474976710655.000000	10.068393	35484	0.000000
281474976710655.000000	10.299444	35485	0.000000
281474976710655.000000	10.410782	35486	0.000000
281474976710655.000000	10.536673	35487	0.000000
281474976710655.000000	10.193888	35488	0.000000
281474976710655.000000	10.084254	35489	0.000000
281474976710655.000000	9.897814	35490	0.000000
281474976710655.000000	10.346398	35491	0.000000
281474976710655.000000	10.305566	35492	0.000000
281474976710655.000000	10.517579	35493	0.000000
281474976710655.000000	10.337984	35494	0.000000
281474976710655.000000	10.218757	35495	0.000000
281474976710655.000000	10.194969	35496	0.000000
281474976710655.000000	10.174197	35497	0.000000
281474976710655.000000	10.097968	35498	0.000000
281474976710655.000000	10.024658	35499	0.000000
281474976710655.000000	10.213776	35500	0.000000
281474976710655.000000	10.190271	35501	0.000000
281474976710655.000000	10.409254	35502	0.000000
281474976710655.000000	10.038452	35503	0.000000
281474976710655.000000	10.070151	35504	0.000000
281474976710655.000000	10.080472	35505	0.000000
281474976710655.000000	10.214413	35506	0.000000
281474976710655.000000	9.971593	35507	0.000000
281474976710655.000000	10.097368	35508	0.000000
281474976710655.000000	9.867136	35509	0.000000
281474976710655.000000	9.887458	35510	0.000000
281474976710655.000000	10.259914	35511	0.000000
281474976710655.000000	10.089945	35512	0.000000
281474976710655.000000	10.258845	35513	0.000000
281474976710655.000000	10.100136	35514	0.000000
281474976710655.000000	9.952607	35515	0.000000
281474976710655.000000	10.194746	35516	0.000000
281474976710655.000000	9.901644	35517	0.000000
281474976710655.000000	9.842827	35518	0.000000
281474976710655.000000	10.097829	35519	0.000000
281474976710655.000000	10.184921	35520	0.000000
281474976710655.000000	9.830131	35521	0.000000
281474976710655.000000	9.735332	35522	0.000000
281474976710655.000000	10.306906	35523	0.000000
281474976710655.000000	9.913815	35524	0.000000
281474976710655.000000	10.004326	35525	0.000000
281474976710655.000000	9.774718	35526	0.000000
281474976710655.000000	10.050107	35527	0.000000
281474976710655.000000	9.924306	35528	0.000000
281474976710655.000000	9.890568	35529	0.000000
281474976710655.000000	10.250186	35530	0.000000
281474976710655.000000	9.663669	35531	0.000000
281474976710655.000000	9.946212	35532	0.000000
281474976710655.000000	9.966695	35533	0.000000
281474976710655.000000	10.129339	35534	0.000000
281474976710655.000000	9.525423	35535	0.000000
281474976710655.000000	9.792456	35536	0.000000
281474976710655.000000	9.737053	35537	0.000000
281474976710655.000000	9.861960	35538	0.000000
281474976710655.000000	9.709893	35539	0.000000
281474976710655.000000	9.616338	35540	0.000000
281474976710655.000000	9.756344	35541	0.000000
281474976710655.000000	9.589820	35542	0.000000
281474976710655.000000	9.822014	35543	0.000000
281474976710655.000000	9.571380	35544	0.000000
281474976710655.000000	9.800500	35545	0.000000
281474976710655.000000	9.476759	35546	0.000000
281474976710655.000000	9.694201	35547	0.000000
281474976710655.000000	9.412880	35548	0.000000
281474976710655.000000	9.017337	35549	0.000000
281474976710655.000000	10.188295	35550	0.000000
281474976710655.000000	9.114184	35551	0.000000
281474976710655.000000	9.389295	35552	0.000000
281474976710655.000000	9.486292	35553	0.000000
281474976710655.000000	9.551176	35554	0.000000
281474976710655.000000	9.598338	35555	0.000000
281474976710655.000000	9.598139	35556	0.000000
281474976710655.000000	9.482624	35557	0.000000
281474976710655.000000	9.446716	35558	0.000000
281474976710655.000000	9.574465	35559	0.000000
281474976710655.000000	9.510230	35560	0.000000
281474976710655.000000	9.420253	35561	0.000000
281474976710655.000000	9.620594	35562	0.000000
281474976710655.000000	9.416800	35563	0.000000
281474976710655.000000	9.553876	35564	0.000000
281474976710655.000000	9.400620	35565	0.000000
281474976710655.000000	9.439382	35566	0.000000
281474976710655.000000	9.632098	35567	0.000000
281474976710655.000000	9.515698	35568	0.000000
281474976710655.000000	9.385383	35569	0.000000
281474976710655.000000	9.346955	35570	0.000000
281474976710655.000000	9.544888	35571	0.000000
281474976710655.000000	9.788745	35572	0.000000
281474976710655.000000	8.894699	35573	0.000000
281474976710655.000000	9.274905	35574	0.000000
281474976710655.000000	9.458978	35575	0.000000
281474976710655.000000	9.530847	35576	0.000000
281474976710655.000000	8.667616	35577	0.000000
281474976710655.000000	8.771944	35578	0.000000
281474976710655.000000	9.502124	35579	0.000000
281474976710655.000000	9.247191	35580	0.000000
281474976710655.000000	9.531725	35581	0.000000
281474976710655.000000	9.336744	35582	0.000000
